Run Name,20220826_dsnPPR10_NA_AF647
Run Date,11:34:00 AM   08-26-22
Method Name,0.5 ml / min 100 uL inject 4WL FRET
Export Format Version, 1.00
Method ID,  895
Points/Second, 1.00
Number of Records,    636
Offset from Run Start Time,00:00:00
Run End Time,00:10:36
Time,Second
QuadTec 1, (280.0 nm), AU
QuadTec 2, (260.0 nm), AU
Gradient Pump,<Not Selected>
QuadTec 3, (550.0 nm), AU
QuadTec 4, (650.0 nm), AU
UV,AU
Conductivity,mS/cm
GP Pressure,<Not Selected>
Volume,ml
Fraction,<Not Available>
Time,QuadTec 1,QuadTec 2,QuadTec 3,QuadTec 4,UV,Conductivity,Volume
     0.0,0.000375,0.000016,0.821567,-0.554173,0.000000,  16.073,     0.0
     1.0,0.000371,0.000019,0.821787,-0.554264,0.000000,  16.077,     0.0
     2.0,-0.000023,0.000012,0.821877,-0.554201,0.000000,  16.076,     0.0
     3.0,0.000000,0.000000,0.000617,-0.000163,0.000000,  16.080,     0.0
     4.0,-0.000009,0.000022,0.000000,0.000560,0.000000,  16.073,     0.0
     5.0,-0.000014,0.000000,0.000000,-0.000396,0.000000,  16.075,     0.0
     6.0,-0.000009,-0.000018,-0.000074,0.000186,0.000000,  16.071,     0.1
     7.0,-0.000014,0.000004,-0.000002,-0.000039,0.000000,  16.076,     0.1
     8.0,-0.000005,0.000001,0.000073,0.000770,0.000000,  16.079,     0.1
     9.0,0.000018,0.000011,-0.000002,0.000490,0.000000,  16.077,     0.1
    10.0,0.000014,0.000008,-0.000002,0.000653,0.000000,  16.078,     0.1
    11.0,-0.000018,0.000022,0.000000,0.000677,0.000000,  16.080,     0.1
    12.0,-0.000023,0.000015,0.000000,0.000560,0.000000,  16.078,     0.1
    13.0,-0.000023,0.000019,-0.000038,0.000373,0.000000,  16.081,     0.1
    14.0,-0.000009,0.000004,-0.000002,0.000802,0.000000,  16.083,     0.1
    15.0,-0.000023,-0.000007,0.000108,0.001159,0.000000,  16.079,     0.1
    16.0,-0.000023,-0.000010,0.000071,0.000934,0.000000,  16.071,     0.1
    17.0,-0.000027,-0.000029,0.000071,0.000638,0.000000,  16.070,     0.1
    18.0,-0.000014,-0.000032,0.000108,0.000778,0.000000,  16.080,     0.2
    19.0,-0.000023,-0.000032,0.000145,0.001081,0.000000,  16.080,     0.2
    20.0,-0.000027,-0.000018,0.000183,0.001074,0.000000,  16.075,     0.2
    21.0,-0.000045,-0.000022,0.000256,0.000887,0.000000,  16.074,     0.2
    22.0,-0.000045,-0.000029,0.000218,0.000895,0.000000,  16.071,     0.2
    23.0,-0.000059,-0.000032,0.000108,0.000926,0.000000,  16.075,     0.2
    24.0,-0.000059,-0.000061,0.000109,0.000817,0.000000,  16.073,     0.2
    25.0,-0.000050,-0.000054,0.000109,-0.000148,0.000000,  16.073,     0.2
    26.0,-0.000041,-0.000058,0.000071,0.000653,0.000000,  16.079,     0.2
    27.0,-0.000045,-0.000062,0.000145,0.000646,0.000000,  16.074,     0.2
    28.0,-0.000072,-0.000076,0.000145,0.000272,0.000000,  16.074,     0.2
    29.0,-0.000059,-0.000065,0.000108,-0.000560,0.000000,  16.076,     0.2
    30.0,-0.000072,-0.000076,0.000109,0.000280,0.000000,  16.073,     0.3
    31.0,-0.000068,-0.000087,0.000035,0.000576,0.000000,  16.079,     0.3
    32.0,-0.000081,-0.000084,0.000035,0.000871,0.000000,  16.077,     0.3
    33.0,-0.000081,-0.000109,0.000035,0.000980,0.000000,  16.080,     0.3
    34.0,-0.000095,-0.000105,0.000145,0.000653,0.000000,  16.079,     0.3
    35.0,-0.000086,-0.000106,0.000145,0.000708,0.000000,  16.077,     0.3
    36.0,-0.000109,-0.000106,0.000071,-0.000055,0.000000,  16.079,     0.3
    37.0,-0.000113,-0.000106,0.000108,0.000723,0.000000,  16.077,     0.3
    38.0,0.000027,-0.000113,0.000035,0.000817,0.000000,  16.076,     0.3
    39.0,0.000014,-0.000095,0.000255,0.000466,0.000000,  16.087,     0.3
    40.0,-0.000063,0.000016,0.000291,0.000614,0.000000,  16.080,     0.3
    41.0,-0.000113,-0.000046,0.000145,0.000498,0.000000,  16.085,     0.3
    42.0,-0.000158,-0.000094,0.000109,0.000646,0.000000,  16.087,     0.3
    43.0,-0.000181,-0.000157,0.000111,0.000436,0.000000,  16.086,     0.4
    44.0,-0.000213,-0.000179,0.000147,0.000653,0.000000,  16.083,     0.4
    45.0,-0.000213,-0.000183,0.000111,0.000513,0.000000,  16.086,     0.4
    46.0,-0.000226,-0.000204,0.000147,0.000436,0.000000,  16.085,     0.4
    47.0,-0.000240,-0.000212,0.000147,0.000895,0.000000,  16.087,     0.4
    48.0,-0.000249,-0.000230,-0.000002,0.000957,0.000000,  16.088,     0.4
    49.0,-0.000240,-0.000230,0.000036,0.000848,0.000000,  16.090,     0.4
    50.0,-0.000217,-0.000230,0.000073,0.000871,0.000000,  16.090,     0.4
    51.0,-0.000231,-0.000223,-0.000002,0.000949,0.000000,  16.078,     0.4
    52.0,-0.000226,-0.000219,0.000073,0.000871,0.000000,  16.086,     0.4
    53.0,-0.000235,-0.000237,-0.000038,0.000793,0.000000,  16.087,     0.4
    54.0,-0.000231,-0.000230,-0.000002,0.000933,0.000000,  16.091,     0.4
    55.0,-0.000240,-0.000237,0.000073,0.001065,0.000000,  16.088,     0.5
    56.0,-0.000235,-0.000241,0.000035,0.001042,0.000000,  16.084,     0.5
    57.0,-0.000235,-0.000245,-0.000002,0.001011,0.000000,  16.093,     0.5
    58.0,-0.000217,-0.000230,0.000147,0.000661,0.000000,  16.089,     0.5
    59.0,-0.000213,-0.000234,0.000109,0.000630,0.000000,  16.090,     0.5
    60.0,-0.000203,-0.000219,0.000183,0.001058,0.000000,  16.081,     0.5
    61.0,-0.000194,-0.000205,0.000256,0.001089,0.000000,  16.090,     0.5
    62.0,-0.000194,-0.000197,0.000108,0.001112,0.000000,  16.088,     0.5
    63.0,-0.000190,-0.000205,0.000182,0.000895,0.000000,  16.086,     0.5
    64.0,-0.000185,-0.000194,0.000218,0.001299,0.000000,  16.086,     0.5
    65.0,-0.000158,-0.000201,0.000291,0.001455,0.000000,  16.088,     0.5
    66.0,-0.000158,-0.000190,0.000255,0.000825,0.000000,  16.085,     0.6
    67.0,-0.000136,-0.000172,0.000291,0.000802,0.000000,  16.085,     0.6
    68.0,-0.000131,-0.000161,0.000364,0.001152,0.000000,  16.083,     0.6
    69.0,-0.000127,-0.000143,0.000364,0.001431,0.000000,  16.081,     0.6
    70.0,-0.000149,-0.000146,0.000327,0.000934,0.000000,  16.082,     0.6
    71.0,-0.000122,-0.000146,0.000436,0.001043,0.000000,  16.075,     0.6
    72.0,-0.000113,-0.000128,0.000364,0.001431,0.000000,  16.086,     0.6
    73.0,-0.000140,-0.000138,0.000253,0.001509,0.000000,  16.084,     0.6
    74.0,-0.000131,-0.000142,0.000400,0.000280,0.000000,  16.086,     0.6
    75.0,-0.000127,-0.000150,0.000400,0.001027,0.000000,  16.081,     0.6
    76.0,-0.000113,-0.000153,0.000326,-0.000008,0.000000,  16.076,     0.6
    77.0,-0.000113,-0.000131,0.000585,0.000630,0.000000,  16.082,     0.6
    78.0,-0.000136,-0.000142,0.000511,0.000833,0.000000,  16.084,     0.7
    79.0,-0.000122,-0.000131,0.000474,0.000996,0.000000,  16.083,     0.7
    80.0,-0.000122,-0.000124,0.000474,0.000996,0.000000,  16.082,     0.7
    81.0,-0.000122,-0.000120,0.000474,0.001230,0.000000,  16.080,     0.7
    82.0,-0.000122,-0.000131,0.000511,0.001074,0.000000,  16.080,     0.7
    83.0,-0.000122,-0.000135,0.000474,0.001323,0.000000,  16.080,     0.7
    84.0,-0.000127,-0.000131,0.000400,0.001081,0.000000,  16.079,     0.7
    85.0,-0.000131,-0.000128,0.000438,0.000272,0.000000,  16.081,     0.7
    86.0,-0.000113,-0.000135,0.000438,0.000731,0.000000,  16.081,     0.7
    87.0,-0.000100,-0.000146,0.000474,0.001183,0.000000,  16.074,     0.7
    88.0,-0.000095,-0.000124,0.000400,0.001074,0.000000,  16.067,     0.7
    89.0,-0.000118,-0.000131,0.000400,0.001175,0.000000,  16.079,     0.7
    90.0,-0.000127,-0.000131,0.000400,0.001323,0.000000,  16.077,     0.8
    91.0,-0.000140,-0.000149,0.000474,0.001128,0.000000,  16.076,     0.8
    92.0,-0.000167,-0.000164,0.000474,0.001594,0.000000,  16.067,     0.8
    93.0,-0.000158,-0.000171,0.000438,0.001330,0.000000,  16.078,     0.8
    94.0,-0.000176,-0.000179,0.000327,0.001127,0.000000,  16.070,     0.8
    95.0,-0.000181,-0.000186,0.000364,0.000163,0.000000,  16.074,     0.8
    96.0,-0.000163,-0.000197,0.000364,0.000708,0.000000,  16.071,     0.8
    97.0,-0.000176,-0.000204,0.000326,0.000723,0.000000,  16.074,     0.8
    98.0,-0.000167,-0.000211,0.000436,0.000365,0.000000,  16.073,     0.8
    99.0,-0.000158,-0.000215,0.000511,0.001112,0.000000,  16.073,     0.8
   100.0,-0.000154,-0.000200,0.000474,0.000365,0.000000,  16.074,     0.8
   101.0,-0.000104,-0.000204,0.000438,0.000973,0.000000,  16.075,     0.8
   102.0,-0.000027,-0.000178,0.000326,0.000849,0.000000,  16.075,     0.9
   103.0,0.000149,-0.000135,0.000473,0.002119,0.000000,  16.077,     0.9
   104.0,0.000602,-0.000047,0.000436,0.004059,0.000000,  16.077,     0.9
   105.0,0.001496,0.000071,0.000693,0.008210,0.000000,  16.078,     0.9
   106.0,0.003366,0.000380,0.001166,0.016873,0.000000,  16.081,     0.9
   107.0,0.007300,0.001145,0.001785,0.035659,0.000000,  16.076,     0.9
   108.0,0.013151,0.002451,0.003174,0.065140,0.000000,  16.082,     0.9
   109.0,0.019847,0.004665,0.005856,0.100029,0.000000,  16.081,     0.9
   110.0,0.026910,0.008149,0.008777,0.137123,0.000000,  16.084,     0.9
   111.0,0.035106,0.012099,0.012016,0.178741,0.000000,  16.084,     0.9
   112.0,0.041648,0.015769,0.015205,0.210205,0.000000,  16.084,     0.9
   113.0,0.047808,0.019282,0.018683,0.239154,0.000000,  16.086,     0.9
   114.0,0.053895,0.023317,0.021386,0.264382,0.000000,  16.087,     1.0
   115.0,0.057211,0.026347,0.023837,0.286786,0.000000,  16.075,     1.0
   116.0,0.059170,0.028721,0.025838,0.297018,0.000000,  16.084,     1.0
   117.0,0.060313,0.030454,0.026997,0.303265,0.000000,  16.085,     1.0
   118.0,0.061083,0.031241,0.027617,0.308884,0.000000,  16.082,     1.0
   119.0,0.061281,0.031705,0.028004,0.310567,0.000000,  16.083,     1.0
   120.0,0.060982,0.031958,0.028237,0.310994,0.000000,  16.078,     1.0
   121.0,0.059847,0.031946,0.028234,0.308459,0.000000,  16.081,     1.0
   122.0,0.058563,0.031591,0.027733,0.305034,0.000000,  16.074,     1.0
   123.0,0.057169,0.030990,0.027304,0.300944,0.000000,  16.082,     1.0
   124.0,0.055778,0.030081,0.026724,0.295996,0.000000,  16.081,     1.0
   125.0,0.054169,0.029342,0.026144,0.290147,0.000000,  16.078,     1.0
   126.0,0.053009,0.028607,0.025337,0.285763,0.000000,  16.080,     1.1
   127.0,0.051889,0.027787,0.024872,0.281652,0.000000,  16.087,     1.1
   128.0,0.050598,0.027146,0.024487,0.276103,0.000000,  16.080,     1.1
   129.0,0.049658,0.026560,0.024065,0.272904,0.000000,  16.074,     1.1
   130.0,0.048739,0.026009,0.023527,0.269079,0.000000,  16.080,     1.1
   131.0,0.047854,0.025347,0.023105,0.264790,0.000000,  16.080,     1.1
   132.0,0.046881,0.024892,0.022648,0.261406,0.000000,  16.083,     1.1
   133.0,0.046145,0.024455,0.022337,0.257558,0.000000,  16.084,     1.1
   134.0,0.045358,0.023905,0.021880,0.254961,0.000000,  16.087,     1.1
   135.0,0.044540,0.023529,0.021536,0.251614,0.000000,  16.092,     1.1
   136.0,0.043917,0.023164,0.021193,0.248909,0.000000,  16.089,     1.1
   137.0,0.043252,0.022793,0.020887,0.246352,0.000000,  16.089,     1.1
   138.0,0.042494,0.022375,0.020623,0.243294,0.000000,  16.096,     1.1
   139.0,0.041781,0.022019,0.020240,0.239527,0.000000,  16.101,     1.2
   140.0,0.041133,0.021646,0.019710,0.236975,0.000000,  16.098,     1.2
   141.0,0.040363,0.021248,0.019406,0.233553,0.000000,  16.097,     1.2
   142.0,0.039633,0.020901,0.019176,0.230184,0.000000,  16.100,     1.2
   143.0,0.038950,0.020540,0.018947,0.226350,0.000000,  16.095,     1.2
   144.0,0.038268,0.020143,0.018419,0.223544,0.000000,  16.084,     1.2
   145.0,0.037439,0.019769,0.018227,0.219168,0.000000,  16.100,     1.2
   146.0,0.036734,0.019415,0.017924,0.215665,0.000000,  16.096,     1.2
   147.0,0.036031,0.019059,0.017546,0.212859,0.000000,  16.099,     1.2
   148.0,0.035372,0.018625,0.017317,0.209953,0.000000,  16.092,     1.2
   149.0,0.034544,0.018271,0.016977,0.205420,0.000000,  16.090,     1.2
   150.0,0.033903,0.017914,0.016562,0.202421,0.000000,  16.092,     1.3
   151.0,0.033255,0.017566,0.016223,0.199363,0.000000,  16.089,     1.3
   152.0,0.032644,0.017180,0.015959,0.195744,0.000000,  16.091,     1.3
   153.0,0.031898,0.016851,0.015732,0.191640,0.000000,  16.081,     1.3
   154.0,0.031328,0.016538,0.015356,0.189074,0.000000,  16.087,     1.3
   155.0,0.030754,0.016175,0.015130,0.186126,0.000000,  16.086,     1.3
   156.0,0.030177,0.015882,0.014866,0.182873,0.000000,  16.081,     1.3
   157.0,0.029547,0.015593,0.014603,0.179562,0.000000,  16.076,     1.3
   158.0,0.029052,0.015324,0.014376,0.176869,0.000000,  16.077,     1.3
   159.0,0.028517,0.015003,0.014151,0.173858,0.000000,  16.076,     1.3
   160.0,0.027966,0.014768,0.013702,0.170380,0.000000,  16.070,     1.3
   161.0,0.027522,0.014510,0.013589,0.167693,0.000000,  16.074,     1.3
   162.0,0.027075,0.014271,0.013326,0.165749,0.000000,  16.074,     1.4
   163.0,0.026589,0.014012,0.013176,0.162754,0.000000,  16.067,     1.4
   164.0,0.026151,0.013822,0.012877,0.160001,0.000000,  16.069,     1.4
   165.0,0.025762,0.013618,0.012726,0.158078,0.000000,  16.070,     1.4
   166.0,0.025378,0.013402,0.012577,0.155287,0.000000,  16.073,     1.4
   167.0,0.024937,0.013235,0.012390,0.153570,0.000000,  16.077,     1.4
   168.0,0.024607,0.013061,0.012166,0.151530,0.000000,  16.072,     1.4
   169.0,0.024286,0.012899,0.011979,0.149606,0.000000,  16.074,     1.4
   170.0,0.023979,0.012718,0.011904,0.147855,0.000000,  16.079,     1.4
   171.0,0.023593,0.012604,0.011754,0.145134,0.000000,  16.073,     1.4
   172.0,0.023317,0.012480,0.011531,0.143510,0.000000,  16.074,     1.4
   173.0,0.023054,0.012364,0.011381,0.141783,0.000000,  16.070,     1.4
   174.0,0.022734,0.012235,0.011307,0.139686,0.000000,  16.070,     1.5
   175.0,0.022496,0.012162,0.011195,0.137765,0.000000,  16.074,     1.5
   176.0,0.022249,0.012076,0.011157,0.135896,0.000000,  16.072,     1.5
   177.0,0.022024,0.011997,0.011045,0.134198,0.000000,  16.070,     1.5
   178.0,0.021753,0.011940,0.010971,0.132140,0.000000,  16.076,     1.5
   179.0,0.021553,0.011880,0.010896,0.130201,0.000000,  16.073,     1.5
   180.0,0.021354,0.011849,0.010598,0.129259,0.000000,  16.073,     1.5
   181.0,0.021150,0.011807,0.010598,0.127892,0.000000,  16.079,     1.5
   182.0,0.020951,0.011782,0.010486,0.126438,0.000000,  16.076,     1.5
   183.0,0.020827,0.011778,0.010375,0.125094,0.000000,  16.076,     1.5
   184.0,0.020708,0.011760,0.010263,0.124059,0.000000,  16.067,     1.5
   185.0,0.020613,0.011792,0.010189,0.122875,0.000000,  16.078,     1.5
   186.0,0.020570,0.011826,0.010077,0.122328,0.000000,  16.080,     1.6
   187.0,0.020570,0.011897,0.009929,0.121452,0.000000,  16.077,     1.6
   188.0,0.020632,0.011989,0.009929,0.120311,0.000000,  16.077,     1.6
   189.0,0.020774,0.012089,0.009928,0.120606,0.000000,  16.074,     1.6
   190.0,0.020955,0.012227,0.009966,0.121011,0.000000,  16.076,     1.6
   191.0,0.021206,0.012423,0.010226,0.121785,0.000000,  16.076,     1.6
   192.0,0.021624,0.012649,0.010226,0.123141,0.000000,  16.075,     1.6
   193.0,0.022038,0.012870,0.010338,0.124266,0.000000,  16.078,     1.6
   194.0,0.022524,0.013153,0.010338,0.125765,0.000000,  16.074,     1.6
   195.0,0.023077,0.013558,0.010486,0.128019,0.000000,  16.075,     1.6
   196.0,0.023798,0.013912,0.010635,0.129849,0.000000,  16.074,     1.6
   197.0,0.024387,0.014294,0.010636,0.132837,0.000000,  16.071,     1.6
   198.0,0.025047,0.014678,0.010971,0.135373,0.000000,  16.079,     1.6
   199.0,0.025699,0.015197,0.011270,0.138035,0.000000,  16.069,     1.7
   200.0,0.026491,0.015612,0.011494,0.141462,0.000000,  16.078,     1.7
   201.0,0.027079,0.016027,0.011830,0.144214,0.000000,  16.077,     1.7
   202.0,0.027661,0.016450,0.012166,0.146602,0.000000,  16.078,     1.7
   203.0,0.028203,0.016941,0.012539,0.148675,0.000000,  16.074,     1.7
   204.0,0.028801,0.017301,0.012652,0.150813,0.000000,  16.071,     1.7
   205.0,0.029241,0.017648,0.012876,0.152353,0.000000,  16.077,     1.7
   206.0,0.029681,0.018060,0.013063,0.154122,0.000000,  16.077,     1.7
   207.0,0.030113,0.018347,0.013102,0.156179,0.000000,  16.079,     1.7
   208.0,0.030447,0.018645,0.013475,0.157519,0.000000,  16.079,     1.7
   209.0,0.030715,0.018934,0.013513,0.159089,0.000000,  16.080,     1.7
   210.0,0.030992,0.019240,0.013701,0.160034,0.000000,  16.079,     1.8
   211.0,0.031187,0.019476,0.013701,0.160643,0.000000,  16.081,     1.8
   212.0,0.031304,0.019701,0.013702,0.159745,0.000000,  16.078,     1.8
   213.0,0.031334,0.019941,0.013739,0.159911,0.000000,  16.078,     1.8
   214.0,0.031299,0.020098,0.013777,0.158305,0.000000,  16.075,     1.8
   215.0,0.031162,0.020229,0.013627,0.157122,0.000000,  16.076,     1.8
   216.0,0.030953,0.020350,0.013552,0.154502,0.000000,  16.074,     1.8
   217.0,0.030589,0.020409,0.013514,0.152291,0.000000,  16.075,     1.8
   218.0,0.030182,0.020413,0.013364,0.149715,0.000000,  16.078,     1.8
   219.0,0.029740,0.020412,0.013027,0.146493,0.000000,  16.069,     1.8
   220.0,0.029111,0.020352,0.012765,0.142973,0.000000,  16.073,     1.8
   221.0,0.028512,0.020271,0.012503,0.140022,0.000000,  16.075,     1.8
   222.0,0.027904,0.020133,0.012278,0.136289,0.000000,  16.074,     1.9
   223.0,0.027253,0.019955,0.011904,0.132474,0.000000,  16.070,     1.9
   224.0,0.026439,0.019778,0.011531,0.128077,0.000000,  16.077,     1.9
   225.0,0.025787,0.019610,0.011158,0.124364,0.000000,  16.078,     1.9
   226.0,0.025133,0.019414,0.010785,0.121204,0.000000,  16.081,     1.9
   227.0,0.024482,0.019160,0.010598,0.117506,0.000000,  16.080,     1.9
   228.0,0.023698,0.018962,0.010338,0.113493,0.000000,  16.080,     1.9
   229.0,0.023101,0.018784,0.009966,0.110259,0.000000,  16.082,     1.9
   230.0,0.022487,0.018620,0.009742,0.107011,0.000000,  16.069,     1.9
   231.0,0.021892,0.018378,0.009482,0.103741,0.000000,  16.079,     1.9
   232.0,0.021249,0.018228,0.009074,0.100518,0.000000,  16.080,     1.9
   233.0,0.020713,0.018076,0.008814,0.098014,0.000000,  16.081,     1.9
   234.0,0.020153,0.017930,0.008591,0.094501,0.000000,  16.080,     2.0
   235.0,0.019525,0.017755,0.008369,0.090669,0.000000,  16.080,     2.0
   236.0,0.019037,0.017613,0.008073,0.087210,0.000000,  16.078,     2.0
   237.0,0.018536,0.017436,0.007776,0.084814,0.000000,  16.080,     2.0
   238.0,0.017969,0.017283,0.007591,0.081761,0.000000,  16.082,     2.0
   239.0,0.017408,0.017102,0.007406,0.078653,0.000000,  16.083,     2.0
   240.0,0.016886,0.016923,0.007148,0.075754,0.000000,  16.085,     2.0
   241.0,0.016369,0.016700,0.006926,0.072183,0.000000,  16.081,     2.0
   242.0,0.015754,0.016489,0.006705,0.068311,0.000000,  16.084,     2.0
   243.0,0.015225,0.016260,0.006372,0.064851,0.000000,  16.090,     2.0
   244.0,0.014710,0.016010,0.006188,0.061238,0.000000,  16.086,     2.0
   245.0,0.014177,0.015686,0.005893,0.057939,0.000000,  16.083,     2.0
   246.0,0.013532,0.015375,0.005636,0.053467,0.000000,  16.084,     2.0
   247.0,0.013033,0.015092,0.005193,0.050096,0.000000,  16.082,     2.1
   248.0,0.012535,0.014666,0.005047,0.046943,0.000000,  16.085,     2.1
   249.0,0.012050,0.014306,0.004863,0.044278,0.000000,  16.084,     2.1
   250.0,0.011414,0.013930,0.004643,0.040663,0.000000,  16.082,     2.1
   251.0,0.010936,0.013517,0.004238,0.037203,0.000000,  16.081,     2.1
   252.0,0.010467,0.012988,0.004091,0.035460,0.000000,  16.068,     2.1
   253.0,0.009865,0.012558,0.003907,0.032844,0.000000,  16.076,     2.1
   254.0,0.009425,0.012089,0.003762,0.031985,0.000000,  16.076,     2.1
   255.0,0.008981,0.011612,0.003689,0.030541,0.000000,  16.074,     2.1
   256.0,0.008520,0.011022,0.003578,0.029297,0.000000,  16.079,     2.1
   257.0,0.008064,0.010588,0.003468,0.028521,0.000000,  16.077,     2.1
   258.0,0.007732,0.010132,0.003283,0.028137,0.000000,  16.081,     2.2
   259.0,0.007456,0.009682,0.003394,0.028661,0.000000,  16.082,     2.2
   260.0,0.007249,0.009253,0.003467,0.029300,0.000000,  16.081,     2.2
   261.0,0.007157,0.008940,0.003724,0.032529,0.000000,  16.090,     2.2
   262.0,0.007175,0.008688,0.004385,0.035490,0.000000,  16.087,     2.2
   263.0,0.007308,0.008557,0.004935,0.042053,0.000000,  16.092,     2.2
   264.0,0.007525,0.008509,0.005782,0.048952,0.000000,  16.088,     2.2
   265.0,0.007829,0.008579,0.006815,0.055976,0.000000,  16.088,     2.2
   266.0,0.008165,0.008723,0.008221,0.063500,0.000000,  16.083,     2.2
   267.0,0.008548,0.008962,0.009371,0.072425,0.000000,  16.094,     2.2
   268.0,0.008848,0.009202,0.010487,0.079795,0.000000,  16.090,     2.2
   269.0,0.009083,0.009452,0.011866,0.086044,0.000000,  16.091,     2.2
   270.0,0.009236,0.009681,0.012726,0.091547,0.000000,  16.087,     2.3
   271.0,0.009282,0.009795,0.013290,0.096704,0.000000,  16.086,     2.3
   272.0,0.009236,0.009877,0.013814,0.099104,0.000000,  16.090,     2.3
   273.0,0.009097,0.009850,0.014002,0.101030,0.000000,  16.084,     2.3
   274.0,0.008857,0.009717,0.014002,0.102372,0.000000,  16.082,     2.3
   275.0,0.008598,0.009566,0.013739,0.102318,0.000000,  16.082,     2.3
   276.0,0.008299,0.009340,0.013289,0.101881,0.000000,  16.087,     2.3
   277.0,0.007971,0.009005,0.012765,0.100279,0.000000,  16.080,     2.3
   278.0,0.007548,0.008691,0.012203,0.099430,0.000000,  16.078,     2.3
   279.0,0.007198,0.008344,0.011531,0.099159,0.000000,  16.079,     2.3
   280.0,0.006807,0.007976,0.011008,0.098716,0.000000,  16.072,     2.3
   281.0,0.006389,0.007505,0.010486,0.098435,0.000000,  16.075,     2.3
   282.0,0.005862,0.007103,0.009854,0.097135,0.000000,  16.073,     2.3
   283.0,0.005298,0.006662,0.009259,0.097290,0.000000,  16.073,     2.4
   284.0,0.004520,0.005992,0.008517,0.096956,0.000000,  16.075,     2.4
   285.0,0.003265,0.005332,0.007702,0.094652,0.000000,  16.067,     2.4
   286.0,0.001486,0.004393,0.006594,0.091569,0.000000,  16.072,     2.4
   287.0,-0.000836,0.002952,0.004863,0.085507,0.000000,  16.069,     2.4
   288.0,-0.004164,0.000703,0.002846,0.079002,0.000000,  16.062,     2.4
   289.0,-0.007956,-0.001875,0.000074,0.070479,0.000000,  16.066,     2.4
   290.0,-0.011636,-0.004925,-0.003368,0.061405,0.000000,  16.063,     2.4
   291.0,-0.014927,-0.008612,-0.007497,0.051535,0.000000,  16.065,     2.4
   292.0,-0.017663,-0.012066,-0.010701,0.040251,0.000000,  16.068,     2.4
   293.0,-0.018610,-0.014565,-0.013388,0.033683,0.000000,  16.065,     2.4
   294.0,-0.018436,-0.016110,-0.014972,0.030026,0.000000,  16.065,     2.5
   295.0,-0.017650,-0.016574,-0.015077,0.028604,0.000000,  16.065,     2.5
   296.0,-0.016371,-0.016108,-0.014511,0.027690,0.000000,  16.069,     2.5
   297.0,-0.015171,-0.015304,-0.013702,0.027822,0.000000,  16.066,     2.5
   298.0,-0.013889,-0.014345,-0.012647,0.026474,0.000000,  16.071,     2.5
   299.0,-0.012516,-0.012972,-0.011587,0.026665,0.000000,  16.070,     2.5
   300.0,-0.010591,-0.011819,-0.010488,0.026674,0.000000,  16.071,     2.5
   301.0,-0.008928,-0.010484,-0.008924,0.026789,0.000000,  16.070,     2.5
   302.0,-0.007134,-0.008594,-0.007425,0.025304,0.000000,  16.070,     2.5
   303.0,-0.005037,-0.006957,-0.005847,0.026950,0.000000,  16.076,     2.5
   304.0,-0.003730,-0.005244,-0.004447,0.026787,0.000000,  16.073,     2.5
   305.0,-0.002450,-0.003627,-0.003153,0.026865,0.000000,  16.071,     2.5
   306.0,-0.001048,-0.002003,-0.002103,0.026233,0.000000,  16.077,     2.5
   307.0,0.000674,-0.000758,-0.000979,0.025820,0.000000,  16.074,     2.6
   308.0,0.002541,0.000571,0.000111,0.024421,0.000000,  16.076,     2.6
   309.0,0.005037,0.002284,0.001749,0.025467,0.000000,  16.078,     2.6
   310.0,0.008183,0.004847,0.003467,0.026732,0.000000,  16.068,     2.6
   311.0,0.011385,0.007600,0.005672,0.028054,0.000000,  16.069,     2.6
   312.0,0.014382,0.010628,0.008443,0.029488,0.000000,  16.076,     2.6
   313.0,0.017168,0.014215,0.010598,0.030020,0.000000,  16.079,     2.6
   314.0,0.018124,0.017675,0.012539,0.030071,0.000000,  16.076,     2.6
   315.0,0.017079,0.019815,0.013476,0.029907,0.000000,  16.079,     2.6
   316.0,0.015154,0.019831,0.012914,0.028386,0.000000,  16.080,     2.6
   317.0,0.012645,0.018038,0.011493,0.026504,0.000000,  16.069,     2.6
   318.0,0.010837,0.015811,0.009928,0.024477,0.000000,  16.073,     2.7
   319.0,0.009296,0.013602,0.008406,0.022918,0.000000,  16.068,     2.7
   320.0,0.008004,0.011378,0.007148,0.021391,0.000000,  16.054,     2.7
   321.0,0.006770,0.009820,0.006151,0.020141,0.000000,  16.043,     2.7
   322.0,0.005912,0.008523,0.005489,0.018462,0.000000,  16.016,     2.7
   323.0,0.005138,0.007245,0.004826,0.018056,0.000000,  15.987,     2.7
   324.0,0.004470,0.006311,0.004239,0.017599,0.000000,  15.945,     2.7
   325.0,0.003785,0.005463,0.003725,0.016956,0.000000,  15.889,     2.7
   326.0,0.003338,0.004757,0.003212,0.015821,0.000000,  15.821,     2.7
   327.0,0.002941,0.004048,0.002809,0.015179,0.000000,  15.745,     2.7
   328.0,0.002545,0.003582,0.002517,0.014538,0.000000,  15.670,     2.7
   329.0,0.002281,0.003138,0.002372,0.013490,0.000000,  15.594,     2.7
   330.0,0.002063,0.002794,0.002042,0.012877,0.000000,  15.528,     2.8
   331.0,0.001850,0.002428,0.001823,0.012346,0.000000,  15.473,     2.8
   332.0,0.001604,0.002184,0.001676,0.012005,0.000000,  15.440,     2.8
   333.0,0.001450,0.001967,0.001455,0.011338,0.000000,  15.425,     2.8
   334.0,0.001337,0.001764,0.001382,0.011052,0.000000,  15.440,     2.8
   335.0,0.001219,0.001580,0.001309,0.010219,0.000000,  15.493,     2.8
   336.0,0.001146,0.001458,0.001274,0.009604,0.000000,  15.565,     2.8
   337.0,0.001083,0.001366,0.001054,0.009424,0.000000,  15.666,     2.8
   338.0,0.001024,0.001292,0.000981,0.009496,0.000000,  15.795,     2.8
   339.0,0.000987,0.001222,0.001018,0.008601,0.000000,  15.947,     2.8
   340.0,0.000942,0.001167,0.001092,0.008423,0.000000,  16.120,     2.8
   341.0,0.000901,0.001123,0.000983,0.007503,0.000000,  16.307,     2.8
   342.0,0.000906,0.001090,0.000946,0.008057,0.000000,  16.496,     2.8
   343.0,0.000897,0.001090,0.000946,0.007488,0.000000,  16.701,     2.9
   344.0,0.000906,0.001126,0.000910,0.007221,0.000000,  16.910,     2.9
   345.0,0.000915,0.001155,0.000948,0.006742,0.000000,  17.119,     2.9
   346.0,0.000942,0.001156,0.000984,0.006861,0.000000,  17.323,     2.9
   347.0,0.000951,0.001170,0.000984,0.006896,0.000000,  17.521,     2.9
   348.0,0.000937,0.001178,0.000948,0.007149,0.000000,  17.701,     2.9
   349.0,0.000942,0.001215,0.000911,0.005569,0.000000,  17.851,     2.9
   350.0,0.000960,0.001189,0.000838,0.006228,0.000000,  17.969,     2.9
   351.0,0.000969,0.001211,0.000766,0.005352,0.000000,  18.049,     2.9
   352.0,0.000974,0.001207,0.000766,0.005467,0.000000,  18.093,     2.9
   353.0,0.000987,0.001203,0.000729,0.005636,0.000000,  18.098,     2.9
   354.0,0.001005,0.001197,0.000656,0.005454,0.000000,  18.064,     3.0
   355.0,0.001051,0.001211,0.000656,0.005182,0.000000,  18.003,     3.0
   356.0,0.001105,0.001215,0.000729,0.004886,0.000000,  17.918,     3.0
   357.0,0.001200,0.001251,0.000508,0.005025,0.000000,  17.805,     3.0
   358.0,0.001309,0.001266,0.000618,0.004970,0.000000,  17.685,     3.0
   359.0,0.001455,0.001318,0.000729,0.004729,0.000000,  17.554,     3.0
   360.0,0.001618,0.001399,0.000729,0.004547,0.000000,  17.418,     3.0
   361.0,0.001891,0.001491,0.000767,0.004789,0.000000,  17.284,     3.0
   362.0,0.002209,0.001590,0.000693,0.004825,0.000000,  17.157,     3.0
   363.0,0.002609,0.001723,0.000729,0.004795,0.000000,  17.033,     3.0
   364.0,0.003087,0.001918,0.000802,0.004844,0.000000,  16.911,     3.0
   365.0,0.003789,0.002129,0.000911,0.004578,0.000000,  16.818,     3.0
   366.0,0.004452,0.002380,0.000875,0.004656,0.000000,  16.719,     3.0
   367.0,0.005225,0.002717,0.000984,0.004330,0.000000,  16.636,     3.1
   368.0,0.006036,0.003056,0.001057,0.004686,0.000000,  16.560,     3.1
   369.0,0.007083,0.003422,0.001093,0.004547,0.000000,  16.488,     3.1
   370.0,0.007893,0.003815,0.001239,0.004275,0.000000,  16.428,     3.1
   371.0,0.008667,0.004267,0.001311,0.004711,0.000000,  16.385,     3.1
   372.0,0.009434,0.004609,0.001384,0.004850,0.000000,  16.340,     3.1
   373.0,0.009888,0.004903,0.001419,0.004795,0.000000,  16.310,     3.1
   374.0,0.010221,0.005148,0.001530,0.003752,0.000000,  16.268,     3.1
   375.0,0.010360,0.005334,0.001676,0.004783,0.000000,  16.246,     3.1
   376.0,0.010300,0.005401,0.001639,0.004801,0.000000,  16.224,     3.1
   377.0,0.010050,0.005408,0.001750,0.004529,0.000000,  16.206,     3.1
   378.0,0.009666,0.005322,0.001750,0.004777,0.000000,  16.188,     3.2
   379.0,0.009130,0.005143,0.001601,0.004614,0.000000,  16.178,     3.2
   380.0,0.008515,0.004921,0.001712,0.004324,0.000000,  16.169,     3.2
   381.0,0.007852,0.004646,0.001674,0.004167,0.000000,  16.156,     3.2
   382.0,0.007138,0.004279,0.001676,0.003939,0.000000,  16.152,     3.2
   383.0,0.006435,0.003985,0.001640,0.003503,0.000000,  16.140,     3.2
   384.0,0.005784,0.003645,0.001604,0.003595,0.000000,  16.134,     3.2
   385.0,0.005179,0.003275,0.001604,0.003462,0.000000,  16.127,     3.2
   386.0,0.004511,0.002949,0.001567,0.003003,0.000000,  16.128,     3.2
   387.0,0.003986,0.002658,0.001493,0.002683,0.000000,  16.117,     3.2
   388.0,0.003502,0.002358,0.001457,0.002051,0.000000,  16.113,     3.2
   389.0,0.003023,0.002099,0.001567,0.002306,0.000000,  16.115,     3.2
   390.0,0.002655,0.001860,0.001604,0.002945,0.000000,  16.110,     3.3
   391.0,0.002331,0.001635,0.001419,0.002812,0.000000,  16.109,     3.3
   392.0,0.002054,0.001443,0.001531,0.002649,0.000000,  16.100,     3.3
   393.0,0.001741,0.001292,0.001531,0.002758,0.000000,  16.100,     3.3
   394.0,0.001532,0.001148,0.001384,0.001996,0.000000,  16.089,     3.3
   395.0,0.001346,0.001016,0.001347,0.002112,0.000000,  16.090,     3.3
   396.0,0.001196,0.000894,0.001384,0.002330,0.000000,  16.086,     3.3
   397.0,0.001024,0.000792,0.001458,0.002405,0.000000,  16.083,     3.3
   398.0,0.000910,0.000718,0.001348,0.001386,0.000000,  16.084,     3.3
   399.0,0.000838,0.000601,0.001238,0.001963,0.000000,  16.085,     3.3
   400.0,0.000729,0.000549,0.001238,0.001800,0.000000,  16.079,     3.3
   401.0,0.000652,0.000480,0.001164,0.002228,0.000000,  16.078,     3.3
   402.0,0.000597,0.000453,0.001274,0.002221,0.000000,  16.081,     3.3
   403.0,0.000511,0.000420,0.001238,0.002252,0.000000,  16.081,     3.4
   404.0,0.000462,0.000383,0.001201,0.001987,0.000000,  16.084,     3.4
   405.0,0.000430,0.000336,0.001239,0.001089,0.000000,  16.085,     3.4
   406.0,0.000380,0.000310,0.001203,0.000808,0.000000,  16.087,     3.4
   407.0,0.000348,0.000291,0.001203,0.002117,0.000000,  16.087,     3.4
   408.0,0.000330,0.000248,0.001166,0.002024,0.000000,  16.081,     3.4
   409.0,0.000299,0.000226,0.001130,0.002103,0.000000,  16.083,     3.4
   410.0,0.000276,0.000189,0.001203,0.002700,0.000000,  16.085,     3.4
   411.0,0.000280,0.000188,0.001166,0.002157,0.000000,  16.078,     3.4
   412.0,0.000285,0.000163,0.001128,0.001963,0.000000,  16.091,     3.4
   413.0,0.000280,0.000163,0.001274,0.001854,0.000000,  16.087,     3.4
   414.0,0.000258,0.000166,0.001385,0.001939,0.000000,  16.091,     3.5
   415.0,0.000244,0.000166,0.001458,0.001495,0.000000,  16.091,     3.5
   416.0,0.000240,0.000134,0.001421,0.000692,0.000000,  16.092,     3.5
   417.0,0.000231,0.000134,0.001494,0.001168,0.000000,  16.083,     3.5
   418.0,0.000249,0.000141,0.001567,0.001658,0.000000,  16.097,     3.5
   419.0,0.000235,0.000130,0.001640,0.002039,0.000000,  16.095,     3.5
   420.0,0.000235,0.000137,0.001713,0.001868,0.000000,  16.088,     3.5
   421.0,0.000249,0.000112,0.001823,0.001876,0.000000,  16.086,     3.5
   422.0,0.000249,0.000123,0.001932,0.002008,0.000000,  16.086,     3.5
   423.0,0.000240,0.000134,0.001932,0.001518,0.000000,  16.081,     3.5
   424.0,0.000249,0.000141,0.002005,0.001627,0.000000,  16.083,     3.5
   425.0,0.000253,0.000119,0.002005,0.001440,0.000000,  16.080,     3.5
   426.0,0.000244,0.000126,0.002078,0.001075,0.000000,  16.073,     3.5
   427.0,0.000244,0.000122,0.002004,0.001760,0.000000,  16.074,     3.6
   428.0,0.000222,0.000104,0.001968,0.001689,0.000000,  16.068,     3.6
   429.0,0.000240,0.000089,0.001893,0.001767,0.000000,  16.073,     3.6
   430.0,0.000249,0.000100,0.001968,0.001168,0.000000,  16.078,     3.6
   431.0,0.000226,0.000119,0.001893,0.001930,0.000000,  16.082,     3.6
   432.0,0.000244,0.000119,0.001857,0.001604,0.000000,  16.080,     3.6
   433.0,0.000226,0.000119,0.001969,0.001223,0.000000,  16.074,     3.6
   434.0,0.000240,0.000111,0.001858,0.000404,0.000000,  16.082,     3.6
   435.0,0.000253,0.000115,0.001859,0.001245,0.000000,  16.081,     3.6
   436.0,0.000258,0.000104,0.001786,0.001556,0.000000,  16.083,     3.6
   437.0,0.000262,0.000111,0.001786,0.002093,0.000000,  16.084,     3.6
   438.0,0.000253,0.000100,0.001639,0.001712,0.000000,  16.082,     3.7
   439.0,0.000249,0.000082,0.001603,0.001471,0.000000,  16.077,     3.7
   440.0,0.000244,0.000079,0.001530,0.001798,0.000000,  16.083,     3.7
   441.0,0.000244,0.000068,0.001457,0.001876,0.000000,  16.085,     3.7
   442.0,0.000253,0.000075,0.001384,0.001961,0.000000,  16.082,     3.7
   443.0,0.000258,0.000072,0.001384,0.001937,0.000000,  16.079,     3.7
   444.0,0.000240,0.000064,0.001311,0.001821,0.000000,  16.077,     3.7
   445.0,0.000226,0.000071,0.001312,0.001549,0.000000,  16.081,     3.7
   446.0,0.000231,0.000046,0.001276,0.000598,0.000000,  16.075,     3.7
   447.0,0.000208,0.000056,0.001203,0.001346,0.000000,  16.075,     3.7
   448.0,0.000199,0.000046,0.001166,0.001121,0.000000,  16.079,     3.7
   449.0,0.000181,0.000038,0.001093,0.001556,0.000000,  16.077,     3.7
   450.0,0.000172,0.000031,0.001057,0.001478,0.000000,  16.077,     3.8
   451.0,0.000163,0.000020,0.001057,0.001696,0.000000,  16.078,     3.8
   452.0,0.000149,0.000030,0.000948,0.001587,0.000000,  16.077,     3.8
   453.0,0.000118,0.000020,0.001020,0.001587,0.000000,  16.079,     3.8
   454.0,0.000122,0.000016,0.001022,0.001665,0.000000,  16.077,     3.8
   455.0,0.000104,0.000009,0.000949,0.001720,0.000000,  16.074,     3.8
   456.0,0.000077,0.000005,0.000801,0.002046,0.000000,  16.083,     3.8
   457.0,0.000068,-0.000020,0.000838,0.001672,0.000000,  16.083,     3.8
   458.0,0.000059,-0.000021,0.000764,0.001975,0.000000,  16.082,     3.8
   459.0,0.000050,-0.000017,0.000728,0.001835,0.000000,  16.085,     3.8
   460.0,0.000050,-0.000028,0.000691,0.001618,0.000000,  16.083,     3.8
   461.0,0.000036,-0.000025,0.000691,0.001323,0.000000,  16.079,     3.8
   462.0,0.000023,-0.000043,0.000655,0.001509,0.000000,  16.082,     3.8
   463.0,0.000018,-0.000035,0.000618,0.001517,0.000000,  16.079,     3.9
   464.0,0.000027,-0.000028,0.000582,0.001486,0.000000,  16.082,     3.9
   465.0,0.000009,-0.000032,0.000618,0.001517,0.000000,  16.068,     3.9
   466.0,0.000014,-0.000046,0.000582,0.001835,0.000000,  16.082,     3.9
   467.0,0.000023,-0.000039,0.000546,0.001812,0.000000,  16.084,     3.9
   468.0,0.000009,-0.000036,0.000509,0.001400,0.000000,  16.081,     3.9
   469.0,-0.000009,-0.000050,0.000509,0.000662,0.000000,  16.083,     3.9
   470.0,-0.000027,-0.000043,0.000509,0.000989,0.000000,  16.088,     3.9
   471.0,-0.000014,-0.000050,0.000473,0.001455,0.000000,  16.085,     3.9
   472.0,-0.000018,-0.000058,0.000509,0.001315,0.000000,  16.083,     3.9
   473.0,-0.000023,-0.000047,0.000546,0.000927,0.000000,  16.082,     3.9
   474.0,-0.000027,-0.000050,0.000620,0.001315,0.000000,  16.085,     4.0
   475.0,-0.000032,-0.000094,0.000583,0.001750,0.000000,  16.088,     4.0
   476.0,-0.000041,-0.000076,0.000621,0.001509,0.000000,  16.087,     4.0
   477.0,-0.000045,-0.000086,0.000549,0.001377,0.000000,  16.091,     4.0
   478.0,-0.000041,-0.000072,0.000511,0.000802,0.000000,  16.088,     4.0
   479.0,-0.000041,-0.000083,0.000474,0.000435,0.000000,  16.083,     4.0
   480.0,-0.000036,-0.000083,0.000474,0.000949,0.000000,  16.092,     4.0
   481.0,-0.000032,-0.000076,0.000326,0.001074,0.000000,  16.089,     4.0
   482.0,-0.000041,-0.000080,0.000438,0.001292,0.000000,  16.091,     4.0
   483.0,-0.000050,-0.000076,0.000327,0.000989,0.000000,  16.090,     4.0
   484.0,-0.000050,-0.000080,0.000364,0.000716,0.000000,  16.096,     4.0
   485.0,-0.000068,-0.000072,0.000512,0.001292,0.000000,  16.081,     4.0
   486.0,-0.000077,-0.000076,0.000438,0.001509,0.000000,  16.090,     4.1
   487.0,-0.000068,-0.000080,0.000438,0.000833,0.000000,  16.087,     4.1
   488.0,-0.000072,-0.000094,0.000402,0.000965,0.000000,  16.087,     4.1
   489.0,-0.000072,-0.000105,0.000365,0.000622,0.000000,  16.093,     4.1
   490.0,-0.000059,-0.000105,0.000327,0.000941,0.000000,  16.093,     4.1
   491.0,-0.000077,-0.000101,0.000255,0.001190,0.000000,  16.090,     4.1
   492.0,-0.000086,-0.000101,0.000255,0.001408,0.000000,  16.091,     4.1
   493.0,-0.000068,-0.000101,0.000364,0.001757,0.000000,  16.090,     4.1
   494.0,-0.000086,-0.000101,0.000327,0.001105,0.000000,  16.082,     4.1
   495.0,-0.000086,-0.000101,0.000291,0.001261,0.000000,  16.091,     4.1
   496.0,-0.000068,-0.000094,0.000329,0.001315,0.000000,  16.082,     4.1
   497.0,-0.000068,-0.000109,0.000329,0.000911,0.000000,  16.086,     4.1
   498.0,-0.000081,-0.000098,0.000365,0.000856,0.000000,  16.084,     4.2
   499.0,-0.000072,-0.000098,0.000329,0.001159,0.000000,  16.089,     4.2
   500.0,-0.000086,-0.000108,0.000365,0.001370,0.000000,  16.093,     4.2
   501.0,-0.000091,-0.000116,0.000365,0.001190,0.000000,  16.080,     4.2
   502.0,-0.000081,-0.000098,0.000218,0.001221,0.000000,  16.085,     4.2
   503.0,-0.000109,-0.000102,0.000144,0.001509,0.000000,  16.087,     4.2
   504.0,-0.000091,-0.000120,0.000144,0.001105,0.000000,  16.081,     4.2
   505.0,-0.000095,-0.000116,0.000292,0.001136,0.000000,  16.082,     4.2
   506.0,-0.000091,-0.000113,0.000108,0.000233,0.000000,  16.082,     4.2
   507.0,-0.000086,-0.000116,0.000108,0.001065,0.000000,  16.079,     4.2
   508.0,-0.000095,-0.000109,0.000145,0.001050,0.000000,  16.074,     4.2
   509.0,-0.000095,-0.000127,0.000182,0.001183,0.000000,  16.083,     4.2
   510.0,-0.000086,-0.000127,0.000330,0.001237,0.000000,  16.083,     4.3
   511.0,-0.000095,-0.000116,0.000220,0.000622,0.000000,  16.085,     4.3
   512.0,-0.000100,-0.000116,0.000256,0.000225,0.000000,  16.086,     4.3
   513.0,-0.000081,-0.000109,0.000220,0.000506,0.000000,  16.087,     4.3
   514.0,-0.000077,-0.000098,0.000220,0.001050,0.000000,  16.081,     4.3
   515.0,-0.000077,-0.000091,0.000292,0.001105,0.000000,  16.078,     4.3
   516.0,-0.000081,-0.000105,0.000292,0.001431,0.000000,  16.082,     4.3
   517.0,-0.000086,-0.000109,0.000292,0.001323,0.000000,  16.082,     4.3
   518.0,-0.000072,-0.000112,0.000292,0.001268,0.000000,  16.078,     4.3
   519.0,-0.000077,-0.000098,0.000256,0.001206,0.000000,  16.083,     4.3
   520.0,-0.000077,-0.000098,0.000256,0.001292,0.000000,  16.074,     4.3
   521.0,-0.000072,-0.000090,0.000256,0.000669,0.000000,  16.082,     4.3
   522.0,-0.000077,-0.000083,0.000256,0.001128,0.000000,  16.085,     4.3
   523.0,-0.000068,-0.000094,0.000256,0.001214,0.000000,  16.086,     4.4
   524.0,-0.000081,-0.000094,0.000145,0.001136,0.000000,  16.087,     4.4
   525.0,-0.000091,-0.000098,0.000220,0.000513,0.000000,  16.087,     4.4
   526.0,-0.000109,-0.000094,0.000183,0.000295,0.000000,  16.087,     4.4
   527.0,-0.000100,-0.000105,0.000183,0.000700,0.000000,  16.081,     4.4
   528.0,-0.000100,-0.000108,0.000035,0.001237,0.000000,  16.086,     4.4
   529.0,-0.000086,-0.000097,0.000220,0.001353,0.000000,  16.086,     4.4
   530.0,-0.000086,-0.000109,0.000109,0.000965,0.000000,  16.084,     4.4
   531.0,-0.000086,-0.000115,0.000220,0.000973,0.000000,  16.083,     4.4
   532.0,-0.000086,-0.000101,0.000220,0.000381,0.000000,  16.087,     4.4
   533.0,-0.000082,-0.000087,0.000220,0.001089,0.000000,  16.092,     4.4
   534.0,-0.000091,-0.000112,0.000183,0.001167,0.000000,  16.085,     4.4
   535.0,-0.000095,-0.000090,0.000183,0.001245,0.000000,  16.087,     4.5
   536.0,-0.000095,-0.000105,0.000183,0.000996,0.000000,  16.091,     4.5
   537.0,-0.000104,-0.000120,0.000147,0.000264,0.000000,  16.087,     4.5
   538.0,-0.000104,-0.000113,0.000147,0.000311,0.000000,  16.085,     4.5
   539.0,-0.000127,-0.000113,0.000111,0.000638,0.000000,  16.089,     4.5
   540.0,-0.000118,-0.000113,0.000147,0.001105,0.000000,  16.088,     4.5
   541.0,-0.000118,-0.000109,0.000147,0.000545,0.000000,  16.088,     4.5
   542.0,-0.000113,-0.000113,0.000147,0.000584,0.000000,  16.087,     4.5
   543.0,-0.000127,-0.000120,0.000147,0.001105,0.000000,  16.090,     4.5
   544.0,-0.000127,-0.000120,0.000147,0.000926,0.000000,  16.082,     4.5
   545.0,-0.000131,-0.000123,0.000147,0.000249,0.000000,  16.089,     4.5
   546.0,-0.000118,-0.000134,0.000111,0.001112,0.000000,  16.084,     4.6
   547.0,-0.000122,-0.000134,0.000147,-0.000265,0.000000,  16.082,     4.6
   548.0,-0.000118,-0.000134,0.000221,-0.000296,0.000000,  16.085,     4.6
   549.0,-0.000127,-0.000142,0.000147,0.000288,0.000000,  16.080,     4.6
   550.0,-0.000122,-0.000134,0.000147,0.000646,0.000000,  16.078,     4.6
   551.0,-0.000127,-0.000135,0.000221,0.000949,0.000000,  16.083,     4.6
   552.0,-0.000131,-0.000131,0.000148,0.001081,0.000000,  16.086,     4.6
   553.0,-0.000127,-0.000134,0.000148,0.000529,0.000000,  16.083,     4.6
   554.0,-0.000131,-0.000142,0.000111,0.000646,0.000000,  16.087,     4.6
   555.0,-0.000131,-0.000146,0.000111,0.000731,0.000000,  16.089,     4.6
   556.0,-0.000154,-0.000149,0.000000,0.000887,0.000000,  16.091,     4.6
   557.0,-0.000149,-0.000153,0.000074,0.000404,0.000000,  16.091,     4.6
   558.0,-0.000136,-0.000146,0.000148,0.000653,0.000000,  16.086,     4.7
   559.0,-0.000136,-0.000135,0.000112,0.000895,0.000000,  16.097,     4.7
   560.0,-0.000136,-0.000138,0.000074,0.001275,0.000000,  16.096,     4.7
   561.0,-0.000140,-0.000153,0.000148,0.001462,0.000000,  16.084,     4.7
   562.0,-0.000149,-0.000153,0.000148,0.001439,0.000000,  16.092,     4.7
   563.0,-0.000140,-0.000149,0.000074,0.001105,0.000000,  16.096,     4.7
   564.0,-0.000145,-0.000156,0.000000,0.001159,0.000000,  16.092,     4.7
   565.0,-0.000140,-0.000160,0.000000,0.000949,0.000000,  16.081,     4.7
   566.0,-0.000140,-0.000156,0.000036,0.000342,0.000000,  16.090,     4.7
   567.0,-0.000154,-0.000153,0.000074,0.000591,0.000000,  16.091,     4.7
   568.0,-0.000154,-0.000153,0.000074,0.000918,0.000000,  16.091,     4.7
   569.0,-0.000149,-0.000146,0.000111,0.000887,0.000000,  16.093,     4.7
   570.0,-0.000145,-0.000164,0.000147,0.000833,0.000000,  16.091,     4.8
   571.0,-0.000118,-0.000156,0.000000,0.000949,0.000000,  16.088,     4.8
   572.0,-0.000145,-0.000174,-0.000036,0.001112,0.000000,  16.084,     4.8
   573.0,-0.000145,-0.000160,0.000036,0.001136,0.000000,  16.087,     4.8
   574.0,-0.000149,-0.000153,0.000074,0.000116,0.000000,  16.084,     4.8
   575.0,-0.000131,-0.000160,0.000000,0.000941,0.000000,  16.081,     4.8
   576.0,-0.000145,-0.000160,-0.000036,0.001112,0.000000,  16.085,     4.8
   577.0,-0.000163,-0.000174,0.000002,0.001003,0.000000,  16.081,     4.8
   578.0,-0.000172,-0.000178,-0.000036,0.001058,0.000000,  16.085,     4.8
   579.0,-0.000158,-0.000160,0.000038,0.000786,0.000000,  16.083,     4.8
   580.0,-0.000149,-0.000178,0.000000,0.000755,0.000000,  16.077,     4.8
   581.0,-0.000163,-0.000174,-0.000036,0.000949,0.000000,  16.083,     4.8
   582.0,-0.000176,-0.000156,0.000074,0.001120,0.000000,  16.081,     4.8
   583.0,-0.000181,-0.000167,0.000038,0.000926,0.000000,  16.082,     4.9
   584.0,-0.000176,-0.000186,0.000074,0.001034,0.000000,  16.083,     4.9
   585.0,-0.000176,-0.000189,0.000038,0.001361,0.000000,  16.080,     4.9
   586.0,-0.000185,-0.000193,0.000038,0.001306,0.000000,  16.079,     4.9
   587.0,-0.000172,-0.000185,0.000074,0.001034,0.000000,  16.079,     4.9
   588.0,-0.000167,-0.000192,0.000036,0.000482,0.000000,  16.077,     4.9
   589.0,-0.000167,-0.000189,0.000074,0.000537,0.000000,  16.081,     4.9
   590.0,-0.000172,-0.000182,0.000038,0.001112,0.000000,  16.083,     4.9
   591.0,-0.000176,-0.000192,0.000038,0.000809,0.000000,  16.086,     4.9
   592.0,-0.000172,-0.000199,0.000111,0.001245,0.000000,  16.083,     4.9
   593.0,-0.000176,-0.000189,0.000112,0.000700,0.000000,  16.078,     4.9
   594.0,-0.000181,-0.000214,0.000074,0.001081,0.000000,  16.078,     4.9
   595.0,-0.000190,-0.000232,0.000112,0.000864,0.000000,  16.081,     5.0
   596.0,-0.000199,-0.000228,-0.000036,0.001003,0.000000,  16.079,     5.0
   597.0,-0.000212,-0.000243,0.000074,0.001469,0.000000,  16.075,     5.0
   598.0,-0.000199,-0.000228,0.000000,0.000949,0.000000,  16.077,     5.0
   599.0,-0.000203,-0.000221,-0.000036,0.000482,0.000000,  16.085,     5.0
   600.0,-0.000212,-0.000232,-0.000074,0.000755,0.000000,  16.066,     5.0
   601.0,-0.000208,-0.000217,-0.000074,0.000918,0.000000,  16.073,     5.0
   602.0,-0.000212,-0.000214,0.000038,0.000537,0.000000,  16.077,     5.0
   603.0,-0.000221,-0.000247,-0.000036,0.000241,0.000000,  16.074,     5.0
   604.0,-0.000203,-0.000232,0.000002,0.000653,0.000000,  16.072,     5.0
   605.0,-0.000203,-0.000236,0.000038,0.001027,0.000000,  16.081,     5.0
   606.0,-0.000199,-0.000232,0.000074,0.001167,0.000000,  16.079,     5.1
   607.0,-0.000203,-0.000243,0.000074,0.001065,0.000000,  16.077,     5.1
   608.0,-0.000212,-0.000239,0.000002,0.001143,0.000000,  16.074,     5.1
   609.0,-0.000199,-0.000228,0.000112,0.001392,0.000000,  16.079,     5.1
   610.0,-0.000203,-0.000217,0.000002,0.001439,0.000000,  16.076,     5.1
   611.0,-0.000217,-0.000214,0.000074,0.001361,0.000000,  16.080,     5.1
   612.0,-0.000226,-0.000235,0.000000,0.001330,0.000000,  16.079,     5.1
   613.0,-0.000253,-0.000242,-0.000036,0.001058,0.000000,  16.074,     5.1
   614.0,-0.000285,-0.000279,0.000000,0.001198,0.000000,  16.079,     5.1
   615.0,-0.000289,-0.000286,0.000038,0.000054,0.000000,  16.079,     5.1
   616.0,-0.000289,-0.000290,0.000002,0.000995,0.000000,  16.078,     5.1
   617.0,-0.000262,-0.000286,-0.000036,0.001221,0.000000,  16.081,     5.1
   618.0,-0.000258,-0.000272,-0.000073,0.000622,0.000000,  16.080,     5.2
   619.0,-0.000249,-0.000243,-0.000073,0.000864,0.000000,  16.078,     5.2
   620.0,-0.000240,-0.000225,0.000038,0.001136,0.000000,  16.077,     5.2
   621.0,-0.000222,-0.000225,-0.000035,0.000949,0.000000,  16.083,     5.2
   622.0,-0.000203,-0.000228,0.000002,0.001237,0.000000,  16.076,     5.2
   623.0,-0.000203,-0.000207,0.000038,0.001221,0.000000,  16.073,     5.2
   624.0,-0.000199,-0.000192,0.000002,0.001283,0.000000,  16.086,     5.2
   625.0,-0.000194,-0.000207,-0.000036,0.001065,0.000000,  16.083,     5.2
   626.0,-0.000190,-0.000207,0.000038,0.001439,0.000000,  16.081,     5.2
   627.0,-0.000194,-0.000196,0.000038,0.001143,0.000000,  16.073,     5.2
   628.0,-0.000181,-0.000207,0.000038,0.001058,0.000000,  16.082,     5.2
   629.0,-0.000163,-0.000192,-0.000073,0.000902,0.000000,  16.080,     5.2
   630.0,-0.000158,-0.000192,0.000038,0.001384,0.000000,  16.079,     5.3
   631.0,-0.000163,-0.000182,0.000038,0.001167,0.000000,  16.082,     5.3
   632.0,-0.000190,-0.000163,0.000002,0.000731,0.000000,  16.083,     5.3
   633.0,-0.000163,-0.000171,0.000002,0.000840,0.000000,  16.084,     5.3
   634.0,-0.000163,-0.000156,0.000038,0.001198,0.000000,  16.085,     5.3
   635.0,-0.000167,-0.000170,0.000002,0.001081,0.000000,  16.087,     5.3
