Run Name,20220826_dsnPPR10_Cy3_AF647
Run Date,11:46:41 AM   08-26-22
Method Name,0.5 ml / min 100 uL inject 4WL FRET
Export Format Version, 1.00
Method ID,  896
Points/Second, 1.00
Number of Records,    634
Offset from Run Start Time,00:00:00
Run End Time,00:10:36
Time,Second
QuadTec 1, (280.0 nm), AU
QuadTec 2, (260.0 nm), AU
Gradient Pump,<Not Selected>
QuadTec 3, (550.0 nm), AU
QuadTec 4, (650.0 nm), AU
UV,AU
Conductivity,mS/cm
GP Pressure,<Not Selected>
Volume,ml
Fraction,<Not Available>
Time,QuadTec 1,QuadTec 2,QuadTec 3,QuadTec 4,UV,Conductivity,Volume
     0.0,-0.000244,-0.000480,0.819658,-0.555407,0.000000,  16.078,     0.0
     1.0,0.000005,-0.000506,0.819753,-0.555260,0.000000,  16.066,     0.0
     2.0,0.000023,-0.000007,0.000080,0.000000,0.000000,  16.075,     0.0
     3.0,0.000023,0.000011,0.000109,0.000457,0.000000,  16.072,     0.0
     4.0,0.000032,0.000019,0.000182,0.001319,0.000000,  16.076,     0.0
     5.0,0.000018,0.000019,0.000218,0.001576,0.000000,  16.078,     0.0
     6.0,0.000009,-0.000006,0.000182,0.001156,0.000000,  16.078,     0.1
     7.0,0.000023,0.000004,0.000145,0.001748,0.000000,  16.082,     0.1
     8.0,0.000050,0.000011,0.000109,0.001469,0.000000,  16.085,     0.1
     9.0,0.000041,0.000037,0.000145,0.001376,0.000000,  16.085,     0.1
    10.0,0.000045,0.000030,0.000145,0.001461,0.000000,  16.088,     0.1
    11.0,0.000050,0.000026,0.000182,0.001655,0.000000,  16.085,     0.1
    12.0,0.000054,0.000030,0.000107,0.001764,0.000000,  16.082,     0.1
    13.0,0.000054,0.000037,0.000070,0.001166,0.000000,  16.080,     0.1
    14.0,0.000054,0.000026,0.000107,0.001150,0.000000,  16.081,     0.1
    15.0,0.000068,0.000037,0.000107,0.000675,0.000000,  16.085,     0.1
    16.0,0.000041,0.000037,0.000144,0.001507,0.000000,  16.086,     0.1
    17.0,0.000041,0.000033,0.000144,0.001585,0.000000,  16.083,     0.1
    18.0,0.000018,0.000044,0.000107,0.001577,0.000000,  16.081,     0.2
    19.0,0.000027,0.000023,0.000182,0.001469,0.000000,  16.083,     0.2
    20.0,0.000032,0.000001,0.000109,0.001391,0.000000,  16.086,     0.2
    21.0,0.000018,0.000012,0.000033,0.001795,0.000000,  16.082,     0.2
    22.0,0.000009,0.000004,0.000033,0.001764,0.000000,  16.077,     0.2
    23.0,0.000005,0.000001,0.000071,0.001903,0.000000,  16.081,     0.2
    24.0,0.000005,-0.000010,0.000071,0.001430,0.000000,  16.084,     0.2
    25.0,0.000009,-0.000028,0.000109,0.001927,0.000000,  16.087,     0.2
    26.0,0.000014,-0.000025,0.000035,0.001679,0.000000,  16.088,     0.2
    27.0,0.000009,-0.000018,0.000071,0.001679,0.000000,  16.089,     0.2
    28.0,0.000023,-0.000021,0.000071,0.001197,0.000000,  16.090,     0.2
    29.0,0.000009,-0.000007,0.000071,0.001360,0.000000,  16.093,     0.2
    30.0,-0.000018,-0.000007,0.000071,0.001360,0.000000,  16.086,     0.3
    31.0,-0.000018,-0.000010,0.000145,0.001547,0.000000,  16.090,     0.3
    32.0,-0.000009,-0.000025,0.000035,0.000698,0.000000,  16.094,     0.3
    33.0,-0.000005,-0.000018,-0.000002,0.000644,0.000000,  16.089,     0.3
    34.0,0.000005,-0.000039,0.000073,0.001150,0.000000,  16.096,     0.3
    35.0,0.000005,-0.000028,-0.000039,0.001686,0.000000,  16.092,     0.3
    36.0,0.000000,-0.000028,0.000035,0.001414,0.000000,  16.095,     0.3
    37.0,0.000095,-0.000032,0.000035,0.001710,0.000000,  16.092,     0.3
    38.0,0.000194,0.000012,0.000145,0.001033,0.000000,  16.096,     0.3
    39.0,0.000145,0.000144,0.000363,0.001414,0.000000,  16.100,     0.3
    40.0,0.000077,0.000100,0.000327,0.001818,0.000000,  16.097,     0.3
    41.0,0.000036,0.000045,0.000070,0.001304,0.000000,  16.096,     0.3
    42.0,0.000018,0.000001,0.000071,0.001677,0.000000,  16.094,     0.3
    43.0,0.000014,-0.000014,0.000071,0.002074,0.000000,  16.098,     0.4
    44.0,-0.000009,-0.000021,-0.000039,0.002222,0.000000,  16.091,     0.4
    45.0,0.000005,-0.000021,0.000109,0.002066,0.000000,  16.090,     0.4
    46.0,0.000000,-0.000025,0.000071,0.001577,0.000000,  16.079,     0.4
    47.0,-0.000018,-0.000040,-0.000039,0.001577,0.000000,  16.087,     0.4
    48.0,-0.000045,-0.000036,0.000035,0.001632,0.000000,  16.084,     0.4
    49.0,-0.000032,-0.000047,-0.000003,0.000652,0.000000,  16.085,     0.4
    50.0,-0.000027,-0.000058,0.000035,0.001367,0.000000,  16.083,     0.4
    51.0,-0.000032,-0.000043,0.000073,0.001795,0.000000,  16.079,     0.4
    52.0,-0.000018,-0.000025,-0.000076,0.001818,0.000000,  16.079,     0.4
    53.0,-0.000018,-0.000025,0.000145,0.002114,0.000000,  16.084,     0.4
    54.0,-0.000023,-0.000029,0.000109,0.001383,0.000000,  16.081,     0.4
    55.0,-0.000009,-0.000040,0.000109,0.001438,0.000000,  16.082,     0.5
    56.0,0.000014,-0.000043,0.000073,0.001740,0.000000,  16.072,     0.5
    57.0,0.000041,-0.000028,0.000073,0.001880,0.000000,  16.077,     0.5
    58.0,0.000041,0.000001,0.000145,0.001873,0.000000,  16.079,     0.5
    59.0,0.000063,0.000001,0.000107,0.001873,0.000000,  16.077,     0.5
    60.0,0.000036,0.000008,0.000109,0.001686,0.000000,  16.084,     0.5
    61.0,0.000032,0.000015,0.000182,0.002097,0.000000,  16.080,     0.5
    62.0,0.000023,0.000008,0.000182,0.002121,0.000000,  16.081,     0.5
    63.0,0.000009,-0.000010,0.000145,0.001710,0.000000,  16.076,     0.5
    64.0,0.000005,-0.000010,0.000071,0.000729,0.000000,  16.073,     0.5
    65.0,0.000009,-0.000010,0.000107,0.000909,0.000000,  16.072,     0.5
    66.0,0.000009,-0.000021,0.000033,0.001710,0.000000,  16.069,     0.5
    67.0,0.000005,-0.000029,0.000071,0.001927,0.000000,  16.068,     0.6
    68.0,-0.000005,-0.000025,0.000035,0.001951,0.000000,  16.072,     0.6
    69.0,0.000009,-0.000025,0.000109,0.001492,0.000000,  16.074,     0.6
    70.0,-0.000014,-0.000022,0.000109,0.001764,0.000000,  16.077,     0.6
    71.0,-0.000018,-0.000025,0.000145,0.001951,0.000000,  16.075,     0.6
    72.0,-0.000027,-0.000025,0.000035,0.001740,0.000000,  16.075,     0.6
    73.0,-0.000023,-0.000061,-0.000002,0.002043,0.000000,  16.072,     0.6
    74.0,-0.000032,-0.000029,-0.000002,0.001079,0.000000,  16.068,     0.6
    75.0,-0.000023,-0.000043,0.000111,0.001670,0.000000,  16.071,     0.6
    76.0,-0.000018,-0.000040,0.000109,0.001523,0.000000,  16.066,     0.6
    77.0,-0.000023,-0.000050,-0.000076,0.001818,0.000000,  16.071,     0.6
    78.0,-0.000014,-0.000061,-0.000002,0.001896,0.000000,  16.071,     0.6
    79.0,-0.000027,-0.000054,0.000109,0.001461,0.000000,  16.071,     0.7
    80.0,-0.000027,-0.000054,0.000073,0.001547,0.000000,  16.075,     0.7
    81.0,-0.000036,-0.000040,0.000073,0.001064,0.000000,  16.079,     0.7
    82.0,-0.000023,-0.000072,0.000073,0.001616,0.000000,  16.078,     0.7
    83.0,-0.000041,-0.000058,0.000073,0.000838,0.000000,  16.077,     0.7
    84.0,-0.000014,-0.000043,0.000073,0.000939,0.000000,  16.079,     0.7
    85.0,-0.000023,-0.000051,0.000109,0.000955,0.000000,  16.076,     0.7
    86.0,-0.000027,-0.000054,0.000073,0.001965,0.000000,  16.080,     0.7
    87.0,-0.000027,-0.000062,0.000036,0.001826,0.000000,  16.083,     0.7
    88.0,-0.000014,-0.000069,0.000073,0.001577,0.000000,  16.079,     0.7
    89.0,-0.000023,-0.000054,0.000073,0.001554,0.000000,  16.082,     0.7
    90.0,-0.000018,-0.000054,0.000036,0.000768,0.000000,  16.077,     0.8
    91.0,-0.000023,-0.000054,0.000109,0.001313,0.000000,  16.081,     0.8
    92.0,-0.000036,-0.000044,0.000073,0.001849,0.000000,  16.079,     0.8
    93.0,-0.000027,-0.000072,0.000073,0.001958,0.000000,  16.071,     0.8
    94.0,-0.000027,-0.000061,0.000109,0.001903,0.000000,  16.080,     0.8
    95.0,-0.000005,-0.000058,0.000035,0.001965,0.000000,  16.065,     0.8
    96.0,0.000036,-0.000047,0.000035,0.000962,0.000000,  16.070,     0.8
    97.0,0.000077,-0.000018,0.000070,0.001530,0.000000,  16.070,     0.8
    98.0,0.000158,0.000008,0.000180,0.001655,0.000000,  16.067,     0.8
    99.0,0.000299,0.000052,0.000397,0.001702,0.000000,  16.065,     0.8
   100.0,0.000629,0.000118,0.000688,0.001539,0.000000,  16.067,     0.8
   101.0,0.001658,0.000276,0.001527,0.001648,0.000000,  16.064,     0.8
   102.0,0.003797,0.000585,0.003648,0.002364,0.000000,  16.063,     0.8
   103.0,0.008023,0.001630,0.009811,0.003144,0.000000,  16.062,     0.9
   104.0,0.016483,0.003414,0.021296,0.003915,0.000000,  16.060,     0.9
   105.0,0.025130,0.006339,0.042339,0.007838,0.000000,  16.059,     0.9
   106.0,0.034505,0.010353,0.075193,0.013690,0.000000,  16.061,     0.9
   107.0,0.043647,0.015391,0.106266,0.018947,0.000000,  16.062,     0.9
   108.0,0.054686,0.019467,0.137883,0.025262,0.000000,  16.055,     0.9
   109.0,0.062926,0.023759,0.171917,0.031358,0.000000,  16.057,     0.9
   110.0,0.070506,0.028456,0.203924,0.037045,0.000000,  16.056,     0.9
   111.0,0.077752,0.031864,0.230892,0.042488,0.000000,  16.056,     0.9
   112.0,0.082037,0.034635,0.252700,0.046538,0.000000,  16.051,     0.9
   113.0,0.085403,0.037091,0.272310,0.050760,0.000000,  16.049,     0.9
   114.0,0.087589,0.038886,0.284595,0.053967,0.000000,  16.052,     0.9
   115.0,0.088929,0.039927,0.292643,0.056400,0.000000,  16.055,     1.0
   116.0,0.089299,0.040505,0.297880,0.058137,0.000000,  16.049,     1.0
   117.0,0.089075,0.040781,0.299905,0.059173,0.000000,  16.055,     1.0
   118.0,0.088024,0.040661,0.299978,0.058724,0.000000,  16.055,     1.0
   119.0,0.086095,0.040251,0.298243,0.059054,0.000000,  16.048,     1.0
   120.0,0.083024,0.039249,0.293145,0.058787,0.000000,  16.052,     1.0
   121.0,0.078095,0.037844,0.285716,0.057707,0.000000,  16.052,     1.0
   122.0,0.073333,0.035833,0.273678,0.056047,0.000000,  16.052,     1.0
   123.0,0.069545,0.033718,0.259251,0.053192,0.000000,  16.051,     1.0
   124.0,0.066231,0.031483,0.243120,0.051470,0.000000,  16.051,     1.0
   125.0,0.062772,0.029963,0.232565,0.049290,0.000000,  16.044,     1.0
   126.0,0.060137,0.028570,0.222807,0.046679,0.000000,  16.051,     1.0
   127.0,0.057754,0.027034,0.211840,0.045276,0.000000,  16.055,     1.1
   128.0,0.055125,0.025934,0.204040,0.044343,0.000000,  16.052,     1.1
   129.0,0.053142,0.024898,0.196378,0.042667,0.000000,  16.046,     1.1
   130.0,0.051276,0.023952,0.187951,0.039819,0.000000,  16.050,     1.1
   131.0,0.049587,0.022888,0.181944,0.038922,0.000000,  16.044,     1.1
   132.0,0.047655,0.022115,0.176019,0.038436,0.000000,  16.052,     1.1
   133.0,0.046250,0.021377,0.170368,0.037704,0.000000,  16.047,     1.1
   134.0,0.044851,0.020532,0.164564,0.036013,0.000000,  16.044,     1.1
   135.0,0.043289,0.019924,0.160076,0.035497,0.000000,  16.051,     1.1
   136.0,0.042128,0.019314,0.155686,0.034715,0.000000,  16.053,     1.1
   137.0,0.041022,0.018746,0.151089,0.033313,0.000000,  16.052,     1.1
   138.0,0.039921,0.018130,0.147088,0.032225,0.000000,  16.050,     1.1
   139.0,0.038663,0.017646,0.143433,0.032171,0.000000,  16.052,     1.2
   140.0,0.037754,0.017157,0.139508,0.031507,0.000000,  16.048,     1.2
   141.0,0.036844,0.016673,0.135891,0.030760,0.000000,  16.056,     1.2
   142.0,0.035953,0.016221,0.132821,0.030912,0.000000,  16.054,     1.2
   143.0,0.035000,0.015834,0.129896,0.030247,0.000000,  16.052,     1.2
   144.0,0.034276,0.015464,0.126577,0.029365,0.000000,  16.050,     1.2
   145.0,0.033562,0.015036,0.124007,0.028813,0.000000,  16.041,     1.2
   146.0,0.032782,0.014718,0.121693,0.028341,0.000000,  16.050,     1.2
   147.0,0.032191,0.014425,0.119513,0.027847,0.000000,  16.048,     1.2
   148.0,0.031608,0.014108,0.116890,0.027405,0.000000,  16.054,     1.2
   149.0,0.031028,0.013850,0.114824,0.026775,0.000000,  16.048,     1.2
   150.0,0.030466,0.013605,0.113029,0.025648,0.000000,  16.050,     1.3
   151.0,0.029981,0.013374,0.110913,0.025485,0.000000,  16.048,     1.3
   152.0,0.029545,0.013115,0.109274,0.024967,0.000000,  16.047,     1.3
   153.0,0.029066,0.012915,0.107828,0.024910,0.000000,  16.040,     1.3
   154.0,0.028667,0.012726,0.106340,0.024581,0.000000,  16.047,     1.3
   155.0,0.028328,0.012548,0.104811,0.023512,0.000000,  16.044,     1.3
   156.0,0.027999,0.012363,0.103703,0.023679,0.000000,  16.045,     1.3
   157.0,0.027600,0.012209,0.102459,0.023813,0.000000,  16.046,     1.3
   158.0,0.027340,0.012076,0.101254,0.023677,0.000000,  16.044,     1.3
   159.0,0.027107,0.011921,0.100256,0.023459,0.000000,  16.042,     1.3
   160.0,0.026819,0.011816,0.099433,0.023104,0.000000,  16.045,     1.3
   161.0,0.026617,0.011711,0.098629,0.023457,0.000000,  16.047,     1.3
   162.0,0.026425,0.011616,0.097837,0.023483,0.000000,  16.046,     1.4
   163.0,0.026234,0.011511,0.097110,0.023130,0.000000,  16.051,     1.4
   164.0,0.026041,0.011451,0.096565,0.022885,0.000000,  16.050,     1.4
   165.0,0.025911,0.011379,0.095975,0.022857,0.000000,  16.049,     1.4
   166.0,0.025791,0.011305,0.095597,0.022258,0.000000,  16.050,     1.4
   167.0,0.025691,0.011248,0.095235,0.022040,0.000000,  16.049,     1.4
   168.0,0.025614,0.011236,0.094934,0.021604,0.000000,  16.055,     1.4
   169.0,0.025566,0.011196,0.094692,0.022421,0.000000,  16.052,     1.4
   170.0,0.025519,0.011206,0.094557,0.022367,0.000000,  16.049,     1.4
   171.0,0.025508,0.011206,0.094392,0.021876,0.000000,  16.056,     1.4
   172.0,0.025499,0.011214,0.094466,0.021740,0.000000,  16.050,     1.4
   173.0,0.025519,0.011245,0.094602,0.022203,0.000000,  16.050,     1.4
   174.0,0.025557,0.011270,0.094663,0.022557,0.000000,  16.049,     1.4
   175.0,0.025619,0.011315,0.094918,0.022448,0.000000,  16.050,     1.5
   176.0,0.025673,0.011369,0.095144,0.022503,0.000000,  16.040,     1.5
   177.0,0.025763,0.011448,0.095341,0.022749,0.000000,  16.053,     1.5
   178.0,0.025873,0.011530,0.095704,0.022558,0.000000,  16.055,     1.5
   179.0,0.025942,0.011624,0.095901,0.022776,0.000000,  16.052,     1.5
   180.0,0.026061,0.011719,0.096400,0.023184,0.000000,  16.053,     1.5
   181.0,0.026214,0.011828,0.096763,0.022530,0.000000,  16.052,     1.5
   182.0,0.026353,0.011930,0.097246,0.022775,0.000000,  16.053,     1.5
   183.0,0.026507,0.012054,0.097718,0.023104,0.000000,  16.055,     1.5
   184.0,0.026666,0.012224,0.098384,0.023403,0.000000,  16.052,     1.5
   185.0,0.026910,0.012368,0.098960,0.023649,0.000000,  16.054,     1.5
   186.0,0.027127,0.012537,0.099496,0.023757,0.000000,  16.055,     1.5
   187.0,0.027382,0.012705,0.100348,0.023295,0.000000,  16.057,     1.6
   188.0,0.027657,0.012936,0.100989,0.022639,0.000000,  16.060,     1.6
   189.0,0.028058,0.013151,0.101936,0.023622,0.000000,  16.050,     1.6
   190.0,0.028430,0.013423,0.102919,0.024060,0.000000,  16.056,     1.6
   191.0,0.028888,0.013719,0.104100,0.024769,0.000000,  16.052,     1.6
   192.0,0.029429,0.013999,0.105274,0.024880,0.000000,  16.050,     1.6
   193.0,0.030102,0.014329,0.106712,0.025182,0.000000,  16.056,     1.6
   194.0,0.030733,0.014713,0.108741,0.024797,0.000000,  16.056,     1.6
   195.0,0.031495,0.015127,0.110592,0.025067,0.000000,  16.055,     1.6
   196.0,0.032410,0.015537,0.112659,0.026302,0.000000,  16.056,     1.6
   197.0,0.033185,0.015997,0.115425,0.026884,0.000000,  16.055,     1.6
   198.0,0.033993,0.016550,0.117752,0.026972,0.000000,  16.051,     1.6
   199.0,0.034960,0.017008,0.120236,0.027767,0.000000,  16.054,     1.7
   200.0,0.035858,0.017485,0.122708,0.028344,0.000000,  16.049,     1.7
   201.0,0.036660,0.017939,0.125802,0.029087,0.000000,  16.055,     1.7
   202.0,0.037442,0.018519,0.128161,0.029253,0.000000,  16.053,     1.7
   203.0,0.038335,0.018929,0.130559,0.029253,0.000000,  16.053,     1.7
   204.0,0.039058,0.019360,0.132920,0.030029,0.000000,  16.050,     1.7
   205.0,0.039725,0.019889,0.135865,0.029802,0.000000,  16.048,     1.7
   206.0,0.040444,0.020277,0.137857,0.030775,0.000000,  16.057,     1.7
   207.0,0.041011,0.020670,0.139807,0.031108,0.000000,  16.055,     1.7
   208.0,0.041532,0.021047,0.141715,0.031119,0.000000,  16.055,     1.7
   209.0,0.042000,0.021487,0.143632,0.031749,0.000000,  16.055,     1.7
   210.0,0.042493,0.021815,0.144999,0.031808,0.000000,  16.053,     1.8
   211.0,0.042807,0.022137,0.146144,0.031920,0.000000,  16.053,     1.8
   212.0,0.043067,0.022457,0.147288,0.032163,0.000000,  16.052,     1.8
   213.0,0.043242,0.022818,0.147900,0.031648,0.000000,  16.046,     1.8
   214.0,0.043313,0.023064,0.148285,0.031753,0.000000,  16.054,     1.8
   215.0,0.043267,0.023315,0.148155,0.031191,0.000000,  16.060,     1.8
   216.0,0.043102,0.023517,0.147594,0.031800,0.000000,  16.049,     1.8
   217.0,0.042744,0.023655,0.146778,0.031474,0.000000,  16.052,     1.8
   218.0,0.042350,0.023743,0.145308,0.030868,0.000000,  16.051,     1.8
   219.0,0.041836,0.023790,0.143406,0.029345,0.000000,  16.050,     1.8
   220.0,0.041195,0.023789,0.141389,0.029703,0.000000,  16.054,     1.8
   221.0,0.040415,0.023754,0.139007,0.029508,0.000000,  16.055,     1.8
   222.0,0.039705,0.023703,0.135841,0.029090,0.000000,  16.043,     1.9
   223.0,0.038890,0.023605,0.133019,0.028592,0.000000,  16.053,     1.9
   224.0,0.038005,0.023487,0.129896,0.027606,0.000000,  16.055,     1.9
   225.0,0.037137,0.023383,0.126820,0.027325,0.000000,  16.053,     1.9
   226.0,0.036278,0.023261,0.122849,0.026799,0.000000,  16.054,     1.9
   227.0,0.035476,0.023156,0.119822,0.026059,0.000000,  16.054,     1.9
   228.0,0.034481,0.023038,0.116531,0.025482,0.000000,  16.054,     1.9
   229.0,0.033689,0.022952,0.113312,0.024797,0.000000,  16.053,     1.9
   230.0,0.032890,0.022849,0.109414,0.024193,0.000000,  16.058,     1.9
   231.0,0.031962,0.022774,0.106572,0.023538,0.000000,  16.050,     1.9
   232.0,0.031185,0.022685,0.103518,0.022639,0.000000,  16.052,     1.9
   233.0,0.030461,0.022582,0.100274,0.021414,0.000000,  16.055,     1.9
   234.0,0.029701,0.022487,0.096792,0.021169,0.000000,  16.054,     1.9
   235.0,0.028815,0.022401,0.093941,0.020409,0.000000,  16.041,     2.0
   236.0,0.028106,0.022288,0.090810,0.019515,0.000000,  16.052,     2.0
   237.0,0.027364,0.022178,0.087360,0.018164,0.000000,  16.053,     2.0
   238.0,0.026651,0.022046,0.084482,0.018436,0.000000,  16.052,     2.0
   239.0,0.025725,0.021913,0.081447,0.017679,0.000000,  16.058,     2.0
   240.0,0.025044,0.021733,0.078085,0.016843,0.000000,  16.052,     2.0
   241.0,0.024321,0.021504,0.074793,0.016252,0.000000,  16.046,     2.0
   242.0,0.023585,0.021276,0.071942,0.014672,0.000000,  16.057,     2.0
   243.0,0.022712,0.021047,0.068792,0.014589,0.000000,  16.056,     2.0
   244.0,0.021989,0.020731,0.065230,0.014053,0.000000,  16.056,     2.0
   245.0,0.021228,0.020394,0.062327,0.013329,0.000000,  16.058,     2.0
   246.0,0.020369,0.020032,0.059442,0.011944,0.000000,  16.052,     2.0
   247.0,0.019659,0.019640,0.056494,0.011694,0.000000,  16.054,     2.1
   248.0,0.018908,0.019147,0.053032,0.011868,0.000000,  16.054,     2.1
   249.0,0.018087,0.018671,0.050372,0.011389,0.000000,  16.052,     2.1
   250.0,0.017295,0.018156,0.047802,0.010882,0.000000,  16.053,     2.1
   251.0,0.016576,0.017611,0.044496,0.010434,0.000000,  16.054,     2.1
   252.0,0.015844,0.016918,0.042207,0.009953,0.000000,  16.051,     2.1
   253.0,0.015005,0.016346,0.039931,0.009551,0.000000,  16.055,     2.1
   254.0,0.014299,0.015752,0.037706,0.009589,0.000000,  16.056,     2.1
   255.0,0.013618,0.015001,0.035059,0.009238,0.000000,  16.051,     2.1
   256.0,0.012858,0.014409,0.033133,0.009644,0.000000,  16.057,     2.1
   257.0,0.012258,0.013800,0.031329,0.009614,0.000000,  16.054,     2.1
   258.0,0.011732,0.013238,0.029424,0.009114,0.000000,  16.050,     2.1
   259.0,0.011222,0.012572,0.027484,0.010756,0.000000,  16.048,     2.2
   260.0,0.010684,0.012085,0.026054,0.011955,0.000000,  16.054,     2.2
   261.0,0.010322,0.011650,0.024555,0.013361,0.000000,  16.040,     2.2
   262.0,0.010026,0.011215,0.023247,0.015802,0.000000,  16.050,     2.2
   263.0,0.009799,0.010841,0.022177,0.018486,0.000000,  16.053,     2.2
   264.0,0.009633,0.010604,0.021411,0.022666,0.000000,  16.055,     2.2
   265.0,0.009638,0.010443,0.020648,0.028647,0.000000,  16.056,     2.2
   266.0,0.009804,0.010427,0.020191,0.036032,0.000000,  16.057,     2.2
   267.0,0.010179,0.010566,0.020075,0.044329,0.000000,  16.058,     2.2
   268.0,0.010915,0.010905,0.020115,0.057816,0.000000,  16.056,     2.2
   269.0,0.011848,0.011557,0.021027,0.078979,0.000000,  16.051,     2.2
   270.0,0.013147,0.012564,0.022213,0.102087,0.000000,  16.064,     2.3
   271.0,0.014973,0.013852,0.024014,0.131491,0.000000,  16.066,     2.3
   272.0,0.017108,0.015503,0.026517,0.167074,0.000000,  16.067,     2.3
   273.0,0.019272,0.017836,0.030280,0.217398,0.000000,  16.062,     2.3
   274.0,0.021894,0.020017,0.033761,0.259633,0.000000,  16.072,     2.3
   275.0,0.024518,0.022296,0.037746,0.303044,0.000000,  16.067,     2.3
   276.0,0.026988,0.024621,0.042808,0.353889,0.000000,  16.075,     2.3
   277.0,0.029792,0.027424,0.046877,0.390179,0.000000,  16.069,     2.3
   278.0,0.032541,0.029564,0.051156,0.423727,0.000000,  16.070,     2.3
   279.0,0.035059,0.031659,0.055585,0.453899,0.000000,  16.073,     2.3
   280.0,0.037471,0.034113,0.061196,0.486790,0.000000,  16.077,     2.3
   281.0,0.039915,0.035849,0.065431,0.509179,0.000000,  16.080,     2.3
   282.0,0.041320,0.037323,0.069462,0.529343,0.000000,  16.074,     2.3
   283.0,0.041789,0.038299,0.073500,0.550034,0.000000,  16.081,     2.4
   284.0,0.040744,0.038434,0.075515,0.561359,0.000000,  16.075,     2.4
   285.0,0.038178,0.037409,0.075861,0.568589,0.000000,  16.079,     2.4
   286.0,0.033992,0.035090,0.073942,0.571162,0.000000,  16.080,     2.4
   287.0,0.028390,0.030394,0.069303,0.567743,0.000000,  16.079,     2.4
   288.0,0.020284,0.025364,0.063124,0.559050,0.000000,  16.080,     2.4
   289.0,0.013734,0.019498,0.054727,0.543749,0.000000,  16.083,     2.4
   290.0,0.007912,0.012112,0.044616,0.519104,0.000000,  16.080,     2.4
   291.0,0.002949,0.007172,0.036598,0.494289,0.000000,  16.075,     2.4
   292.0,0.000914,0.003371,0.029777,0.466782,0.000000,  16.086,     2.4
   293.0,0.000113,0.001020,0.024552,0.437804,0.000000,  16.076,     2.4
   294.0,0.000262,-0.000123,0.022024,0.418349,0.000000,  16.072,     2.5
   295.0,0.000978,-0.000050,0.020763,0.402725,0.000000,  16.068,     2.5
   296.0,0.001844,0.000394,0.020229,0.388684,0.000000,  16.072,     2.5
   297.0,0.002821,0.001181,0.020153,0.377160,0.000000,  16.072,     2.5
   298.0,0.004239,0.001977,0.020344,0.367676,0.000000,  16.074,     2.5
   299.0,0.005689,0.002956,0.020877,0.357587,0.000000,  16.071,     2.5
   300.0,0.007240,0.004393,0.021755,0.347488,0.000000,  16.072,     2.5
   301.0,0.008613,0.005969,0.022826,0.339249,0.000000,  16.075,     2.5
   302.0,0.009739,0.007341,0.023784,0.330289,0.000000,  16.068,     2.5
   303.0,0.010253,0.008537,0.024475,0.317954,0.000000,  16.071,     2.5
   304.0,0.010554,0.009335,0.024783,0.306640,0.000000,  16.072,     2.5
   305.0,0.010688,0.009752,0.024821,0.293319,0.000000,  16.066,     2.5
   306.0,0.010614,0.010025,0.024626,0.277219,0.000000,  16.070,     2.5
   307.0,0.010619,0.010138,0.024319,0.262094,0.000000,  16.075,     2.6
   308.0,0.010906,0.010207,0.023822,0.245445,0.000000,  16.071,     2.6
   309.0,0.011607,0.010504,0.023666,0.229061,0.000000,  16.070,     2.6
   310.0,0.012691,0.011418,0.023669,0.208112,0.000000,  16.068,     2.6
   311.0,0.014225,0.012705,0.024168,0.191953,0.000000,  16.067,     2.6
   312.0,0.015803,0.014315,0.024747,0.176456,0.000000,  16.068,     2.6
   313.0,0.017565,0.016008,0.025784,0.157862,0.000000,  16.061,     2.6
   314.0,0.019688,0.018371,0.026633,0.142991,0.000000,  16.059,     2.6
   315.0,0.022202,0.020598,0.027871,0.129457,0.000000,  16.056,     2.6
   316.0,0.023036,0.022818,0.029381,0.115879,0.000000,  16.050,     2.6
   317.0,0.022121,0.024089,0.030783,0.102819,0.000000,  16.052,     2.6
   318.0,0.019631,0.022988,0.030783,0.094439,0.000000,  16.043,     2.6
   319.0,0.017432,0.020710,0.029891,0.087004,0.000000,  16.031,     2.7
   320.0,0.015511,0.018143,0.028806,0.077652,0.000000,  16.003,     2.7
   321.0,0.013884,0.015342,0.027871,0.073417,0.000000,  15.985,     2.7
   322.0,0.012280,0.013573,0.027252,0.070208,0.000000,  15.935,     2.7
   323.0,0.011184,0.012031,0.026633,0.066954,0.000000,  15.896,     2.7
   324.0,0.010160,0.010439,0.025900,0.063688,0.000000,  15.834,     2.7
   325.0,0.009069,0.009376,0.025165,0.061000,0.000000,  15.759,     2.7
   326.0,0.008294,0.008402,0.024055,0.058403,0.000000,  15.685,     2.7
   327.0,0.007548,0.007508,0.022938,0.055375,0.000000,  15.598,     2.7
   328.0,0.006868,0.006623,0.021487,0.051941,0.000000,  15.514,     2.7
   329.0,0.006097,0.005960,0.020153,0.048942,0.000000,  15.434,     2.7
   330.0,0.005602,0.005366,0.018785,0.045770,0.000000,  15.373,     2.8
   331.0,0.005126,0.004797,0.017119,0.042372,0.000000,  15.332,     2.8
   332.0,0.004668,0.004318,0.015836,0.039639,0.000000,  15.313,     2.8
   333.0,0.004207,0.003922,0.014632,0.037256,0.000000,  15.311,     2.8
   334.0,0.003879,0.003571,0.013244,0.034468,0.000000,  15.343,     2.8
   335.0,0.003591,0.003241,0.012196,0.031773,0.000000,  15.399,     2.8
   336.0,0.003313,0.003000,0.011300,0.030093,0.000000,  15.497,     2.8
   337.0,0.003072,0.002797,0.010443,0.028375,0.000000,  15.617,     2.8
   338.0,0.002881,0.002594,0.009514,0.026525,0.000000,  15.757,     2.8
   339.0,0.002740,0.002417,0.008920,0.024743,0.000000,  15.916,     2.8
   340.0,0.002580,0.002317,0.008475,0.023076,0.000000,  16.096,     2.8
   341.0,0.002453,0.002210,0.007957,0.022338,0.000000,  16.282,     2.8
   342.0,0.002367,0.002111,0.007402,0.020653,0.000000,  16.476,     2.8
   343.0,0.002308,0.002052,0.007033,0.019623,0.000000,  16.669,     2.9
   344.0,0.002276,0.002011,0.006737,0.018786,0.000000,  16.862,     2.9
   345.0,0.002253,0.001992,0.006442,0.017786,0.000000,  17.053,     2.9
   346.0,0.002226,0.001977,0.006295,0.016571,0.000000,  17.240,     2.9
   347.0,0.002239,0.001977,0.006222,0.015710,0.000000,  17.421,     2.9
   348.0,0.002244,0.001977,0.006148,0.014960,0.000000,  17.591,     2.9
   349.0,0.002244,0.001981,0.006000,0.013965,0.000000,  17.763,     2.9
   350.0,0.002235,0.001967,0.005963,0.013758,0.000000,  17.898,     2.9
   351.0,0.002258,0.001960,0.006037,0.013281,0.000000,  18.018,     2.9
   352.0,0.002321,0.001989,0.006000,0.012910,0.000000,  18.102,     2.9
   353.0,0.002353,0.002007,0.005889,0.012513,0.000000,  18.148,     2.9
   354.0,0.002408,0.002029,0.005889,0.011432,0.000000,  18.151,     3.0
   355.0,0.002485,0.002037,0.005889,0.011603,0.000000,  18.127,     3.0
   356.0,0.002571,0.002077,0.005816,0.011129,0.000000,  18.068,     3.0
   357.0,0.002703,0.002118,0.005853,0.010241,0.000000,  17.976,     3.0
   358.0,0.002862,0.002188,0.005705,0.009506,0.000000,  17.872,     3.0
   359.0,0.003045,0.002240,0.005705,0.009091,0.000000,  17.747,     3.0
   360.0,0.003277,0.002357,0.005558,0.009204,0.000000,  17.611,     3.0
   361.0,0.003637,0.002479,0.005521,0.009293,0.000000,  17.475,     3.0
   362.0,0.004057,0.002642,0.005485,0.008500,0.000000,  17.336,     3.0
   363.0,0.004541,0.002812,0.005264,0.008851,0.000000,  17.199,     3.0
   364.0,0.005204,0.003100,0.005227,0.008450,0.000000,  17.073,     3.0
   365.0,0.005941,0.003352,0.005153,0.007812,0.000000,  16.944,     3.0
   366.0,0.006712,0.003660,0.005043,0.008668,0.000000,  16.838,     3.0
   367.0,0.007530,0.004078,0.005006,0.008584,0.000000,  16.738,     3.1
   368.0,0.008571,0.004438,0.005006,0.008238,0.000000,  16.642,     3.1
   369.0,0.009416,0.004823,0.004970,0.007941,0.000000,  16.568,     3.1
   370.0,0.010229,0.005191,0.004895,0.007753,0.000000,  16.495,     3.1
   371.0,0.010901,0.005611,0.004970,0.008376,0.000000,  16.425,     3.1
   372.0,0.011574,0.005908,0.005007,0.007951,0.000000,  16.384,     3.1
   373.0,0.011908,0.006150,0.004933,0.007516,0.000000,  16.344,     3.1
   374.0,0.012066,0.006314,0.004970,0.007328,0.000000,  16.302,     3.1
   375.0,0.012029,0.006389,0.004934,0.007610,0.000000,  16.272,     3.1
   376.0,0.011755,0.006355,0.005008,0.007610,0.000000,  16.244,     3.1
   377.0,0.011352,0.006214,0.005008,0.007428,0.000000,  16.217,     3.1
   378.0,0.010869,0.006002,0.004898,0.007324,0.000000,  16.192,     3.1
   379.0,0.010132,0.005763,0.004861,0.006875,0.000000,  16.186,     3.2
   380.0,0.009489,0.005485,0.004712,0.006528,0.000000,  16.170,     3.2
   381.0,0.008783,0.005124,0.004750,0.007440,0.000000,  16.162,     3.2
   382.0,0.008054,0.004756,0.004750,0.007114,0.000000,  16.151,     3.2
   383.0,0.007249,0.004419,0.004602,0.007035,0.000000,  16.142,     3.2
   384.0,0.006611,0.004089,0.004713,0.007130,0.000000,  16.132,     3.2
   385.0,0.005991,0.003708,0.004787,0.007274,0.000000,  16.125,     3.2
   386.0,0.005377,0.003396,0.004971,0.006599,0.000000,  16.121,     3.2
   387.0,0.004819,0.003105,0.005045,0.005705,0.000000,  16.115,     3.2
   388.0,0.004367,0.002801,0.005155,0.005892,0.000000,  16.106,     3.2
   389.0,0.003979,0.002579,0.005264,0.005856,0.000000,  16.101,     3.2
   390.0,0.003568,0.002365,0.005485,0.005892,0.000000,  16.103,     3.3
   391.0,0.003277,0.002184,0.005706,0.006326,0.000000,  16.097,     3.3
   392.0,0.003035,0.002011,0.006074,0.006001,0.000000,  16.095,     3.3
   393.0,0.002799,0.001904,0.006443,0.006253,0.000000,  16.081,     3.3
   394.0,0.002630,0.001797,0.006812,0.006156,0.000000,  16.077,     3.3
   395.0,0.002521,0.001708,0.007217,0.005993,0.000000,  16.079,     3.3
   396.0,0.002421,0.001605,0.007809,0.005831,0.000000,  16.082,     3.3
   397.0,0.002357,0.001546,0.008401,0.005235,0.000000,  16.074,     3.3
   398.0,0.002326,0.001498,0.009105,0.004638,0.000000,  16.074,     3.3
   399.0,0.002330,0.001487,0.010034,0.004698,0.000000,  16.070,     3.3
   400.0,0.002380,0.001484,0.011002,0.004867,0.000000,  16.068,     3.3
   401.0,0.002476,0.001480,0.012121,0.004807,0.000000,  16.074,     3.3
   402.0,0.002567,0.001528,0.013507,0.005331,0.000000,  16.075,     3.3
   403.0,0.002730,0.001609,0.015309,0.005253,0.000000,  16.079,     3.4
   404.0,0.002953,0.001701,0.017232,0.004765,0.000000,  16.080,     3.4
   405.0,0.003268,0.001801,0.019431,0.004524,0.000000,  16.082,     3.4
   406.0,0.003619,0.001956,0.022711,0.003507,0.000000,  16.081,     3.4
   407.0,0.004047,0.002184,0.025977,0.003583,0.000000,  16.072,     3.4
   408.0,0.004609,0.002413,0.029852,0.003570,0.000000,  16.085,     3.4
   409.0,0.005167,0.002694,0.034272,0.003787,0.000000,  16.083,     3.4
   410.0,0.005776,0.003089,0.040529,0.004252,0.000000,  16.080,     3.4
   411.0,0.006542,0.003456,0.046028,0.004439,0.000000,  16.083,     3.4
   412.0,0.007300,0.003873,0.052212,0.003783,0.000000,  16.084,     3.4
   413.0,0.008027,0.004281,0.059961,0.004187,0.000000,  16.091,     3.4
   414.0,0.008783,0.004812,0.066594,0.004445,0.000000,  16.087,     3.5
   415.0,0.009605,0.005236,0.073488,0.003811,0.000000,  16.079,     3.5
   416.0,0.010243,0.005664,0.079990,0.004717,0.000000,  16.088,     3.5
   417.0,0.010822,0.006165,0.087538,0.005223,0.000000,  16.090,     3.5
   418.0,0.011407,0.006494,0.092725,0.004565,0.000000,  16.090,     3.5
   419.0,0.011769,0.006800,0.097428,0.002811,0.000000,  16.091,     3.5
   420.0,0.012044,0.007075,0.101374,0.004168,0.000000,  16.087,     3.5
   421.0,0.012234,0.007299,0.104904,0.004982,0.000000,  16.085,     3.5
   422.0,0.012341,0.007396,0.106832,0.003744,0.000000,  16.081,     3.5
   423.0,0.012308,0.007468,0.107902,0.004487,0.000000,  16.082,     3.5
   424.0,0.012192,0.007479,0.108061,0.004295,0.000000,  16.082,     3.5
   425.0,0.012002,0.007421,0.107270,0.002397,0.000000,  16.078,     3.5
   426.0,0.011713,0.007333,0.105876,0.002931,0.000000,  16.080,     3.5
   427.0,0.011421,0.007195,0.103657,0.004549,0.000000,  16.080,     3.6
   428.0,0.011091,0.006994,0.100898,0.004039,0.000000,  16.078,     3.6
   429.0,0.010596,0.006800,0.098094,0.004741,0.000000,  16.082,     3.6
   430.0,0.010225,0.006576,0.094257,0.005108,0.000000,  16.078,     3.6
   431.0,0.009804,0.006311,0.090392,0.004994,0.000000,  16.075,     3.6
   432.0,0.009365,0.006043,0.086694,0.004886,0.000000,  16.069,     3.6
   433.0,0.008871,0.005797,0.082852,0.004964,0.000000,  16.079,     3.6
   434.0,0.008460,0.005540,0.078129,0.004801,0.000000,  16.082,     3.6
   435.0,0.008036,0.005235,0.074244,0.003629,0.000000,  16.082,     3.6
   436.0,0.007585,0.004979,0.070412,0.003056,0.000000,  16.081,     3.6
   437.0,0.007153,0.004731,0.066668,0.003372,0.000000,  16.079,     3.6
   438.0,0.006772,0.004427,0.062159,0.001611,0.000000,  16.080,     3.6
   439.0,0.006386,0.004219,0.058776,0.003633,0.000000,  16.070,     3.7
   440.0,0.006014,0.003989,0.055535,0.004230,0.000000,  16.076,     3.7
   441.0,0.005694,0.003781,0.051631,0.002184,0.000000,  16.082,     3.7
   442.0,0.005410,0.003552,0.048702,0.003168,0.000000,  16.083,     3.7
   443.0,0.005062,0.003385,0.045988,0.004008,0.000000,  16.082,     3.7
   444.0,0.004792,0.003208,0.043290,0.004405,0.000000,  16.073,     3.7
   445.0,0.004554,0.003016,0.040364,0.003579,0.000000,  16.080,     3.7
   446.0,0.004312,0.002893,0.038177,0.004615,0.000000,  16.084,     3.7
   447.0,0.004061,0.002746,0.035966,0.003470,0.000000,  16.082,     3.7
   448.0,0.003888,0.002616,0.033844,0.003718,0.000000,  16.078,     3.7
   449.0,0.003683,0.002491,0.031802,0.003307,0.000000,  16.081,     3.7
   450.0,0.003473,0.002388,0.030276,0.003664,0.000000,  16.072,     3.8
   451.0,0.003331,0.002284,0.028724,0.003633,0.000000,  16.080,     3.8
   452.0,0.003177,0.002174,0.027058,0.002788,0.000000,  16.082,     3.8
   453.0,0.003026,0.002078,0.025669,0.002687,0.000000,  16.085,     3.8
   454.0,0.002890,0.002026,0.024437,0.003473,0.000000,  16.082,     3.8
   455.0,0.002790,0.001948,0.023170,0.003761,0.000000,  16.084,     3.8
   456.0,0.002689,0.001885,0.022022,0.003575,0.000000,  16.078,     3.8
   457.0,0.002576,0.001826,0.021142,0.002615,0.000000,  16.083,     3.8
   458.0,0.002457,0.001757,0.020115,0.002411,0.000000,  16.077,     3.8
   459.0,0.002353,0.001679,0.019127,0.003571,0.000000,  16.080,     3.8
   460.0,0.002258,0.001609,0.018404,0.004093,0.000000,  16.081,     3.8
   461.0,0.002185,0.001547,0.017573,0.004087,0.000000,  16.081,     3.8
   462.0,0.002071,0.001495,0.017004,0.003538,0.000000,  16.082,     3.8
   463.0,0.001994,0.001410,0.016212,0.003449,0.000000,  16.079,     3.9
   464.0,0.001930,0.001366,0.015572,0.002833,0.000000,  16.083,     3.9
   465.0,0.001853,0.001307,0.015044,0.003774,0.000000,  16.083,     3.9
   466.0,0.001785,0.001256,0.014481,0.002730,0.000000,  16.071,     3.9
   467.0,0.001749,0.001193,0.013917,0.003161,0.000000,  16.077,     3.9
   468.0,0.001667,0.001142,0.013356,0.002880,0.000000,  16.070,     3.9
   469.0,0.001613,0.001112,0.012869,0.002258,0.000000,  16.075,     3.9
   470.0,0.001585,0.001071,0.012420,0.003161,0.000000,  16.080,     3.9
   471.0,0.001535,0.001034,0.012084,0.002853,0.000000,  16.077,     3.9
   472.0,0.001486,0.000997,0.011674,0.002985,0.000000,  16.075,     3.9
   473.0,0.001463,0.000975,0.011338,0.002839,0.000000,  16.076,     3.9
   474.0,0.001422,0.000936,0.011151,0.001905,0.000000,  16.079,     4.0
   475.0,0.001399,0.000910,0.010816,0.001827,0.000000,  16.077,     4.0
   476.0,0.001377,0.000869,0.010592,0.002659,0.000000,  16.079,     4.0
   477.0,0.001363,0.000843,0.010294,0.002435,0.000000,  16.077,     4.0
   478.0,0.001331,0.000836,0.009997,0.002683,0.000000,  16.077,     4.0
   479.0,0.001309,0.000810,0.009848,0.002931,0.000000,  16.073,     4.0
   480.0,0.001290,0.000788,0.009625,0.002466,0.000000,  16.077,     4.0
   481.0,0.001281,0.000766,0.009440,0.001650,0.000000,  16.068,     4.0
   482.0,0.001272,0.000748,0.009365,0.000940,0.000000,  16.078,     4.0
   483.0,0.001250,0.000744,0.009180,0.002123,0.000000,  16.080,     4.0
   484.0,0.001227,0.000725,0.008994,0.002333,0.000000,  16.075,     4.0
   485.0,0.001204,0.000710,0.008883,0.001126,0.000000,  16.082,     4.0
   486.0,0.001218,0.000685,0.008772,0.001633,0.000000,  16.084,     4.1
   487.0,0.001186,0.000670,0.008772,0.001922,0.000000,  16.084,     4.1
   488.0,0.001159,0.000666,0.008624,0.001962,0.000000,  16.080,     4.1
   489.0,0.001154,0.000641,0.008549,0.002023,0.000000,  16.082,     4.1
   490.0,0.001150,0.000626,0.008401,0.002380,0.000000,  16.083,     4.1
   491.0,0.001141,0.000633,0.008290,0.002109,0.000000,  16.075,     4.1
   492.0,0.001118,0.000626,0.008253,0.002109,0.000000,  16.079,     4.1
   493.0,0.001105,0.000615,0.008142,0.001564,0.000000,  16.086,     4.1
   494.0,0.001109,0.000597,0.008031,0.000714,0.000000,  16.082,     4.1
   495.0,0.001086,0.000589,0.007994,0.000162,0.000000,  16.086,     4.1
   496.0,0.001077,0.000578,0.007920,0.001641,0.000000,  16.084,     4.1
   497.0,0.001041,0.000582,0.007772,0.002201,0.000000,  16.075,     4.1
   498.0,0.001041,0.000557,0.007587,0.002061,0.000000,  16.082,     4.2
   499.0,0.001041,0.000563,0.007587,0.001595,0.000000,  16.080,     4.2
   500.0,0.001014,0.000552,0.007513,0.001346,0.000000,  16.080,     4.2
   501.0,0.001005,0.000552,0.007402,0.000738,0.000000,  16.081,     4.2
   502.0,0.000991,0.000531,0.007365,0.000948,0.000000,  16.077,     4.2
   503.0,0.000987,0.000513,0.007217,0.000909,0.000000,  16.078,     4.2
   504.0,0.000969,0.000505,0.007218,0.001517,0.000000,  16.074,     4.2
   505.0,0.000955,0.000497,0.006996,0.001766,0.000000,  16.074,     4.2
   506.0,0.000928,0.000479,0.006922,0.001735,0.000000,  16.069,     4.2
   507.0,0.000910,0.000486,0.006848,0.001867,0.000000,  16.063,     4.2
   508.0,0.000896,0.000458,0.006664,0.001267,0.000000,  16.063,     4.2
   509.0,0.000887,0.000465,0.006590,0.001135,0.000000,  16.079,     4.2
   510.0,0.000882,0.000475,0.006480,0.000574,0.000000,  16.076,     4.3
   511.0,0.000860,0.000464,0.006295,0.001889,0.000000,  16.076,     4.3
   512.0,0.000851,0.000457,0.006110,0.002208,0.000000,  16.073,     4.3
   513.0,0.000806,0.000449,0.006000,0.002279,0.000000,  16.074,     4.3
   514.0,0.000810,0.000446,0.005926,0.003378,0.000000,  16.070,     4.3
   515.0,0.000796,0.000431,0.005816,0.002449,0.000000,  16.067,     4.3
   516.0,0.000765,0.000424,0.005631,0.001983,0.000000,  16.072,     4.3
   517.0,0.000778,0.000427,0.005595,0.002031,0.000000,  16.070,     4.3
   518.0,0.000742,0.000413,0.005484,0.001976,0.000000,  16.071,     4.3
   519.0,0.000729,0.000402,0.005411,0.002146,0.000000,  16.073,     4.3
   520.0,0.000756,0.000394,0.005264,0.002092,0.000000,  16.077,     4.3
   521.0,0.000724,0.000394,0.005190,0.001844,0.000000,  16.071,     4.3
   522.0,0.000742,0.000394,0.005080,0.001813,0.000000,  16.077,     4.3
   523.0,0.000715,0.000402,0.004932,0.001945,0.000000,  16.065,     4.4
   524.0,0.000701,0.000413,0.004933,0.002418,0.000000,  16.077,     4.4
   525.0,0.000715,0.000395,0.004859,0.002092,0.000000,  16.073,     4.4
   526.0,0.000701,0.000391,0.004749,0.002907,0.000000,  16.077,     4.4
   527.0,0.000719,0.000398,0.004676,0.002720,0.000000,  16.077,     4.4
   528.0,0.000710,0.000391,0.004640,0.002720,0.000000,  16.079,     4.4
   529.0,0.000697,0.000405,0.004640,0.002629,0.000000,  16.077,     4.4
   530.0,0.000683,0.000384,0.004455,0.001976,0.000000,  16.079,     4.4
   531.0,0.000683,0.000376,0.004382,0.001945,0.000000,  16.079,     4.4
   532.0,0.000674,0.000387,0.004309,0.001448,0.000000,  16.076,     4.4
   533.0,0.000670,0.000369,0.004235,0.001330,0.000000,  16.079,     4.4
   534.0,0.000642,0.000376,0.004162,0.002137,0.000000,  16.078,     4.4
   535.0,0.000651,0.000372,0.004163,0.002605,0.000000,  16.075,     4.5
   536.0,0.000651,0.000362,0.004052,0.001913,0.000000,  16.080,     4.5
   537.0,0.000642,0.000376,0.003979,0.001033,0.000000,  16.074,     4.5
   538.0,0.000642,0.000369,0.003794,0.002494,0.000000,  16.080,     4.5
   539.0,0.000615,0.000343,0.003758,0.003239,0.000000,  16.080,     4.5
   540.0,0.000620,0.000336,0.003683,0.003256,0.000000,  16.074,     4.5
   541.0,0.000615,0.000329,0.003759,0.002023,0.000000,  16.079,     4.5
   542.0,0.000597,0.000336,0.003649,0.002683,0.000000,  16.071,     4.5
   543.0,0.000584,0.000321,0.003650,0.002121,0.000000,  16.068,     4.5
   544.0,0.000565,0.000336,0.003539,0.000970,0.000000,  16.067,     4.5
   545.0,0.000556,0.000318,0.003576,0.001706,0.000000,  16.068,     4.5
   546.0,0.000556,0.000307,0.003392,0.001110,0.000000,  16.074,     4.6
   547.0,0.000552,0.000303,0.003356,0.002159,0.000000,  16.072,     4.6
   548.0,0.000538,0.000314,0.003357,0.000964,0.000000,  16.074,     4.6
   549.0,0.000538,0.000314,0.003320,0.001639,0.000000,  16.078,     4.6
   550.0,0.000534,0.000306,0.003247,0.002571,0.000000,  16.082,     4.6
   551.0,0.000525,0.000295,0.003173,0.003100,0.000000,  16.088,     4.6
   552.0,0.000511,0.000284,0.003173,0.002744,0.000000,  16.087,     4.6
   553.0,0.000489,0.000270,0.003174,0.002798,0.000000,  16.088,     4.6
   554.0,0.000493,0.000255,0.003137,0.002690,0.000000,  16.085,     4.6
   555.0,0.000493,0.000262,0.002953,0.002314,0.000000,  16.089,     4.6
   556.0,0.000511,0.000266,0.002991,0.002477,0.000000,  16.090,     4.6
   557.0,0.000511,0.000284,0.002991,0.002751,0.000000,  16.096,     4.6
   558.0,0.000493,0.000285,0.002880,0.003155,0.000000,  16.086,     4.7
   559.0,0.000493,0.000277,0.002843,0.002612,0.000000,  16.093,     4.7
   560.0,0.000498,0.000281,0.002843,0.003046,0.000000,  16.096,     4.7
   561.0,0.000466,0.000277,0.002770,0.003053,0.000000,  16.090,     4.7
   562.0,0.000470,0.000262,0.002734,0.002805,0.000000,  16.094,     4.7
   563.0,0.000470,0.000269,0.002697,0.002605,0.000000,  16.093,     4.7
   564.0,0.000484,0.000277,0.002624,0.002333,0.000000,  16.094,     4.7
   565.0,0.000484,0.000273,0.002660,0.002418,0.000000,  16.091,     4.7
   566.0,0.000475,0.000266,0.002587,0.002720,0.000000,  16.095,     4.7
   567.0,0.000470,0.000267,0.002551,0.002680,0.000000,  16.096,     4.7
   568.0,0.000457,0.000245,0.002588,0.002199,0.000000,  16.094,     4.7
   569.0,0.000461,0.000241,0.002625,0.002697,0.000000,  16.095,     4.7
   570.0,0.000448,0.000255,0.002514,0.002449,0.000000,  16.096,     4.8
   571.0,0.000443,0.000259,0.002478,0.002340,0.000000,  16.097,     4.8
   572.0,0.000425,0.000237,0.002405,0.002310,0.000000,  16.095,     4.8
   573.0,0.000421,0.000237,0.002405,0.003185,0.000000,  16.094,     4.8
   574.0,0.000412,0.000226,0.002332,0.003131,0.000000,  16.091,     4.8
   575.0,0.000407,0.000222,0.002295,0.002673,0.000000,  16.082,     4.8
   576.0,0.000389,0.000218,0.002332,0.003124,0.000000,  16.092,     4.8
   577.0,0.000375,0.000222,0.002259,0.003432,0.000000,  16.078,     4.8
   578.0,0.000371,0.000214,0.002296,0.003300,0.000000,  16.088,     4.8
   579.0,0.000362,0.000215,0.002185,0.002883,0.000000,  16.091,     4.8
   580.0,0.000362,0.000189,0.002112,0.002371,0.000000,  16.087,     4.8
   581.0,0.000389,0.000174,0.002150,0.002775,0.000000,  16.085,     4.8
   582.0,0.000357,0.000196,0.002187,0.002883,0.000000,  16.092,     4.8
   583.0,0.000348,0.000185,0.002112,0.002534,0.000000,  16.087,     4.9
   584.0,0.000353,0.000171,0.002003,0.002014,0.000000,  16.089,     4.9
   585.0,0.000344,0.000167,0.002112,0.002286,0.000000,  16.087,     4.9
   586.0,0.000339,0.000185,0.002076,0.001708,0.000000,  16.088,     4.9
   587.0,0.000308,0.000171,0.002041,0.002571,0.000000,  16.085,     4.9
   588.0,0.000308,0.000160,0.001930,0.002317,0.000000,  16.086,     4.9
   589.0,0.000312,0.000167,0.001930,0.002364,0.000000,  16.085,     4.9
   590.0,0.000298,0.000167,0.001893,0.002286,0.000000,  16.075,     4.9
   591.0,0.000294,0.000167,0.001893,0.002558,0.000000,  16.084,     4.9
   592.0,0.000289,0.000167,0.001893,0.002480,0.000000,  16.077,     4.9
   593.0,0.000280,0.000159,0.001820,0.002503,0.000000,  16.074,     4.9
   594.0,0.000285,0.000159,0.001857,0.001607,0.000000,  16.069,     4.9
   595.0,0.000280,0.000148,0.001784,0.002059,0.000000,  16.067,     5.0
   596.0,0.000294,0.000138,0.001822,0.002517,0.000000,  16.068,     5.0
   597.0,0.000267,0.000145,0.001822,0.002480,0.000000,  16.069,     5.0
   598.0,0.000280,0.000134,0.001785,0.002232,0.000000,  16.067,     5.0
   599.0,0.000289,0.000145,0.001822,0.002038,0.000000,  16.071,     5.0
   600.0,0.000280,0.000149,0.001785,0.002068,0.000000,  16.071,     5.0
   601.0,0.000271,0.000141,0.001637,0.001483,0.000000,  16.066,     5.0
   602.0,0.000294,0.000130,0.001675,0.002402,0.000000,  16.069,     5.0
   603.0,0.000289,0.000137,0.001638,0.002239,0.000000,  16.066,     5.0
   604.0,0.000285,0.000152,0.001675,0.002154,0.000000,  16.066,     5.0
   605.0,0.000280,0.000163,0.001638,0.001514,0.000000,  16.066,     5.0
   606.0,0.000285,0.000174,0.001638,0.002137,0.000000,  16.072,     5.1
   607.0,0.000289,0.000163,0.001638,0.002395,0.000000,  16.066,     5.1
   608.0,0.000280,0.000171,0.001638,0.001882,0.000000,  16.073,     5.1
   609.0,0.000276,0.000160,0.001602,0.001991,0.000000,  16.075,     5.1
   610.0,0.000285,0.000145,0.001602,0.000924,0.000000,  16.079,     5.1
   611.0,0.000294,0.000152,0.001565,0.001726,0.000000,  16.077,     5.1
   612.0,0.000271,0.000148,0.001602,0.001991,0.000000,  16.078,     5.1
   613.0,0.000258,0.000145,0.001565,0.001773,0.000000,  16.077,     5.1
   614.0,0.000258,0.000127,0.001492,0.001516,0.000000,  16.074,     5.1
   615.0,0.000267,0.000141,0.001492,0.001367,0.000000,  16.077,     5.1
   616.0,0.000267,0.000109,0.001492,0.002239,0.000000,  16.072,     5.1
   617.0,0.000271,0.000123,0.001492,0.002014,0.000000,  16.068,     5.1
   618.0,0.000258,0.000119,0.001492,0.002038,0.000000,  16.070,     5.2
   619.0,0.000258,0.000137,0.001382,0.001423,0.000000,  16.069,     5.2
   620.0,0.000276,0.000138,0.001382,0.001438,0.000000,  16.069,     5.2
   621.0,0.000267,0.000145,0.001492,0.001313,0.000000,  16.068,     5.2
   622.0,0.000258,0.000148,0.001382,0.001672,0.000000,  16.066,     5.2
   623.0,0.000258,0.000130,0.001345,0.001501,0.000000,  16.069,     5.2
   624.0,0.000262,0.000130,0.001419,0.001002,0.000000,  16.065,     5.2
   625.0,0.000258,0.000123,0.001383,0.001492,0.000000,  16.070,     5.2
   626.0,0.000262,0.000127,0.001345,0.001749,0.000000,  16.073,     5.2
   627.0,0.000262,0.000131,0.001383,0.001875,0.000000,  16.075,     5.2
   628.0,0.000262,0.000127,0.001421,0.002014,0.000000,  16.072,     5.2
   629.0,0.000244,0.000137,0.001457,0.001844,0.000000,  16.081,     5.2
   630.0,0.000253,0.000116,0.001346,0.001221,0.000000,  16.074,     5.3
   631.0,0.000244,0.000127,0.001421,0.001688,0.000000,  16.077,     5.3
   632.0,0.000253,0.000112,0.001457,0.001205,0.000000,  16.082,     5.3
   633.0,0.000258,0.000134,0.001346,0.000714,0.000000,  16.072,     5.3
