Run Name,20220826_labelling_dsnPPR10_Cy3_NA
Run Date,10:35:42 AM   08-26-22
Method Name,0.5 ml / min 100 uL inject 4WL FRET
Export Format Version, 1.00
Method ID,  891
Points/Second, 1.00
Number of Records,    636
Offset from Run Start Time,00:00:00
Run End Time,00:10:36
Time,Second
QuadTec 1, (280.0 nm), AU
QuadTec 2, (260.0 nm), AU
Gradient Pump,<Not Selected>
QuadTec 3, (550.0 nm), AU
QuadTec 4, (650.0 nm), AU
UV,AU
Conductivity,mS/cm
GP Pressure,<Not Selected>
Volume,ml
Fraction,<Not Available>
Time,QuadTec 1,QuadTec 2,QuadTec 3,QuadTec 4,UV,Conductivity,Volume
     0.0,-0.000063,-0.000021,0.007316,0.000140,0.000000,  15.594,     0.0
     1.0,-0.000054,-0.000010,0.007442,0.000100,0.000000,  15.599,     0.0
     2.0,-0.000058,-0.000007,0.007442,0.000140,0.000000,  15.596,     0.0
     3.0,0.000000,-0.000011,-0.795132,0.000163,0.000000,  15.594,     0.0
     4.0,-0.000009,0.000000,0.000036,0.000000,0.000000,  15.601,     0.0
     5.0,-0.000009,0.000000,-0.000036,0.001787,0.000000,  15.610,     0.0
     6.0,-0.000022,-0.000025,-0.000074,0.002515,0.000000,  15.615,     0.1
     7.0,-0.000009,-0.000036,-0.000111,0.002526,0.000000,  15.608,     0.1
     8.0,-0.000022,-0.000054,0.000034,0.003187,0.000000,  15.611,     0.1
     9.0,-0.000027,-0.000051,-0.000075,0.003726,0.000000,  15.614,     0.1
    10.0,-0.000036,-0.000065,-0.000038,0.003671,0.000000,  15.616,     0.1
    11.0,-0.000036,-0.000069,0.000036,0.004043,0.000000,  15.611,     0.1
    12.0,-0.000045,-0.000065,0.000000,0.004175,0.000000,  15.614,     0.1
    13.0,-0.000045,-0.000058,0.000072,0.003908,0.000000,  15.616,     0.1
    14.0,-0.000040,-0.000065,-0.000038,0.003146,0.000000,  15.615,     0.1
    15.0,-0.000054,-0.000065,0.000070,0.003963,0.000000,  15.613,     0.1
    16.0,-0.000063,-0.000080,-0.000038,0.003779,0.000000,  15.609,     0.1
    17.0,-0.000067,-0.000091,-0.000074,0.004282,0.000000,  15.618,     0.1
    18.0,-0.000076,-0.000091,0.000000,0.004359,0.000000,  15.614,     0.2
    19.0,-0.000076,-0.000084,-0.000147,0.004491,0.000000,  15.614,     0.2
    20.0,-0.000081,-0.000094,-0.000002,0.004359,0.000000,  15.615,     0.2
    21.0,-0.000090,-0.000098,0.000034,0.003636,0.000000,  15.613,     0.2
    22.0,-0.000090,-0.000112,0.000034,0.003240,0.000000,  15.616,     0.2
    23.0,-0.000085,-0.000115,0.000072,0.003963,0.000000,  15.618,     0.2
    24.0,-0.000090,-0.000112,0.000000,0.004305,0.000000,  15.619,     0.2
    25.0,-0.000085,-0.000101,0.000000,0.004665,0.000000,  15.621,     0.2
    26.0,-0.000090,-0.000080,-0.000110,0.005103,0.000000,  15.613,     0.2
    27.0,-0.000067,-0.000087,-0.000074,0.004730,0.000000,  15.620,     0.2
    28.0,-0.000085,-0.000091,-0.000075,0.004308,0.000000,  15.624,     0.2
    29.0,-0.000090,-0.000090,-0.000147,0.004926,0.000000,  15.624,     0.2
    30.0,-0.000072,-0.000087,-0.000074,0.004533,0.000000,  15.627,     0.3
    31.0,-0.000063,-0.000084,-0.000110,0.005245,0.000000,  15.622,     0.3
    32.0,-0.000063,-0.000087,0.000000,0.005463,0.000000,  15.625,     0.3
    33.0,-0.000049,-0.000069,-0.000110,0.005704,0.000000,  15.627,     0.3
    34.0,-0.000049,-0.000069,-0.000002,0.005508,0.000000,  15.622,     0.3
    35.0,-0.000036,-0.000073,-0.000039,0.005391,0.000000,  15.629,     0.3
    36.0,-0.000040,-0.000058,-0.000002,0.004881,0.000000,  15.633,     0.3
    37.0,-0.000023,-0.000062,0.000034,0.005572,0.000000,  15.630,     0.3
    38.0,-0.000040,-0.000058,-0.000002,0.005408,0.000000,  15.633,     0.3
    39.0,-0.000031,-0.000051,0.000072,0.006486,0.000000,  15.631,     0.3
    40.0,-0.000022,-0.000051,0.000216,0.007031,0.000000,  15.634,     0.3
    41.0,0.000148,-0.000025,0.000252,0.007574,0.000000,  15.634,     0.3
    42.0,0.000144,0.000117,0.000070,0.007154,0.000000,  15.628,     0.3
    43.0,0.000085,0.000117,0.000070,0.006672,0.000000,  15.640,     0.4
    44.0,0.000054,0.000062,-0.000111,0.006867,0.000000,  15.642,     0.4
    45.0,0.000040,0.000033,-0.000038,0.007008,0.000000,  15.637,     0.4
    46.0,0.000027,0.000030,0.000108,0.006976,0.000000,  15.641,     0.4
    47.0,0.000031,0.000011,0.000032,0.006518,0.000000,  15.644,     0.4
    48.0,0.000022,0.000000,-0.000005,0.007008,0.000000,  15.642,     0.4
    49.0,-0.000000,-0.000014,0.000108,0.006899,0.000000,  15.647,     0.4
    50.0,-0.000005,-0.000017,0.000072,0.006672,0.000000,  15.642,     0.4
    51.0,-0.000027,-0.000018,0.000108,0.006976,0.000000,  15.642,     0.4
    52.0,-0.000023,-0.000014,-0.000002,0.007520,0.000000,  15.646,     0.4
    53.0,-0.000005,-0.000014,-0.000075,0.007877,0.000000,  15.644,     0.4
    54.0,-0.000036,-0.000011,-0.000039,0.007443,0.000000,  15.650,     0.4
    55.0,-0.000036,-0.000018,-0.000002,0.007451,0.000000,  15.650,     0.5
    56.0,-0.000023,-0.000033,0.000072,0.006939,0.000000,  15.646,     0.5
    57.0,-0.000023,-0.000029,-0.000111,0.007071,0.000000,  15.654,     0.5
    58.0,-0.000054,-0.000036,0.000000,0.007374,0.000000,  15.657,     0.5
    59.0,-0.000058,-0.000051,0.000000,0.005103,0.000000,  15.648,     0.5
    60.0,-0.000049,-0.000069,0.000036,0.006182,0.000000,  15.649,     0.5
    61.0,-0.000036,-0.000061,0.000000,0.005377,0.000000,  15.649,     0.5
    62.0,-0.000036,-0.000054,0.000038,0.006890,0.000000,  15.653,     0.5
    63.0,-0.000067,-0.000051,-0.000036,0.007397,0.000000,  15.662,     0.5
    64.0,-0.000067,-0.000062,0.000002,0.007568,0.000000,  15.666,     0.5
    65.0,-0.000063,-0.000065,0.000000,0.007646,0.000000,  15.659,     0.5
    66.0,-0.000049,-0.000065,0.000000,0.006785,0.000000,  15.665,     0.6
    67.0,-0.000045,-0.000065,-0.000075,0.005664,0.000000,  15.651,     0.6
    68.0,-0.000063,-0.000054,-0.000002,0.005723,0.000000,  15.664,     0.6
    69.0,-0.000063,-0.000051,-0.000075,0.006690,0.000000,  15.665,     0.6
    70.0,-0.000063,-0.000047,-0.000111,0.007320,0.000000,  15.668,     0.6
    71.0,-0.000058,-0.000036,-0.000002,0.006675,0.000000,  15.666,     0.6
    72.0,-0.000045,-0.000043,0.000036,0.007206,0.000000,  15.672,     0.6
    73.0,-0.000036,-0.000050,0.000036,0.007503,0.000000,  15.659,     0.6
    74.0,-0.000036,-0.000050,-0.000038,0.008082,0.000000,  15.670,     0.6
    75.0,-0.000014,-0.000036,-0.000147,0.007668,0.000000,  15.665,     0.6
    76.0,-0.000005,-0.000043,-0.000003,0.008677,0.000000,  15.665,     0.6
    77.0,0.000004,-0.000018,0.000072,0.008886,0.000000,  15.663,     0.6
    78.0,-0.000000,-0.000011,0.000109,0.008630,0.000000,  15.665,     0.6
    79.0,0.000013,-0.000018,0.000108,0.008382,0.000000,  15.665,     0.7
    80.0,0.000018,-0.000003,0.000070,0.008490,0.000000,  15.662,     0.7
    81.0,0.000022,0.000007,0.000106,0.008599,0.000000,  15.662,     0.7
    82.0,0.000013,0.000015,0.000068,0.008197,0.000000,  15.663,     0.7
    83.0,0.000004,0.000004,0.000144,0.008986,0.000000,  15.664,     0.7
    84.0,-0.000000,0.000000,0.000142,0.008986,0.000000,  15.663,     0.7
    85.0,0.000018,-0.000007,0.000070,0.008978,0.000000,  15.663,     0.7
    86.0,0.000004,0.000000,0.000070,0.008676,0.000000,  15.663,     0.7
    87.0,-0.000000,0.000007,0.000106,0.008385,0.000000,  15.658,     0.7
    88.0,0.000009,-0.000003,-0.000003,0.008615,0.000000,  15.661,     0.7
    89.0,-0.000000,-0.000003,0.000142,0.008769,0.000000,  15.662,     0.7
    90.0,-0.000023,-0.000007,0.000034,0.008305,0.000000,  15.663,     0.8
    91.0,-0.000027,-0.000025,-0.000002,0.008490,0.000000,  15.663,     0.8
    92.0,-0.000027,-0.000032,-0.000039,0.008715,0.000000,  15.663,     0.8
    93.0,-0.000031,-0.000050,0.000068,0.007948,0.000000,  15.664,     0.8
    94.0,-0.000036,-0.000047,-0.000002,0.008576,0.000000,  15.666,     0.8
    95.0,-0.000040,-0.000040,-0.000002,0.008715,0.000000,  15.667,     0.8
    96.0,-0.000031,-0.000039,0.000072,0.008800,0.000000,  15.653,     0.8
    97.0,-0.000027,-0.000046,0.000036,0.008823,0.000000,  15.670,     0.8
    98.0,-0.000014,-0.000039,0.000034,0.008684,0.000000,  15.660,     0.8
    99.0,-0.000018,-0.000032,0.000068,0.008847,0.000000,  15.670,     0.8
   100.0,0.000013,-0.000035,0.000068,0.009496,0.000000,  15.672,     0.8
   101.0,0.000031,-0.000014,0.000139,0.009688,0.000000,  15.672,     0.8
   102.0,0.000076,-0.000003,0.000284,0.009604,0.000000,  15.672,     0.9
   103.0,0.000166,0.000033,0.000825,0.008955,0.000000,  15.673,     0.9
   104.0,0.000337,0.000081,0.001795,0.008382,0.000000,  15.676,     0.9
   105.0,0.000741,0.000205,0.004439,0.009217,0.000000,  15.675,     0.9
   106.0,0.001673,0.000453,0.010323,0.009279,0.000000,  15.670,     0.9
   107.0,0.004036,0.001016,0.021579,0.009874,0.000000,  15.674,     0.9
   108.0,0.007060,0.002004,0.035117,0.010910,0.000000,  15.682,     0.9
   109.0,0.011081,0.003807,0.051510,0.012529,0.000000,  15.678,     0.9
   110.0,0.015655,0.005713,0.070740,0.013304,0.000000,  15.680,     0.9
   111.0,0.021421,0.007792,0.088696,0.013422,0.000000,  15.677,     0.9
   112.0,0.025516,0.010306,0.103807,0.014745,0.000000,  15.679,     0.9
   113.0,0.029441,0.012197,0.117407,0.016183,0.000000,  15.680,     0.9
   114.0,0.033807,0.013937,0.132183,0.017140,0.000000,  15.681,     0.9
   115.0,0.036812,0.015514,0.142660,0.017124,0.000000,  15.678,     1.0
   116.0,0.039507,0.017232,0.150974,0.017493,0.000000,  15.683,     1.0
   117.0,0.041640,0.018345,0.157151,0.017802,0.000000,  15.681,     1.0
   118.0,0.043146,0.019183,0.161030,0.018343,0.000000,  15.684,     1.0
   119.0,0.043563,0.019709,0.161187,0.018770,0.000000,  15.687,     1.0
   120.0,0.043458,0.019931,0.159657,0.017596,0.000000,  15.690,     1.0
   121.0,0.042863,0.019824,0.156474,0.018028,0.000000,  15.687,     1.0
   122.0,0.042027,0.019575,0.153269,0.016603,0.000000,  15.681,     1.0
   123.0,0.041123,0.019181,0.149630,0.017424,0.000000,  15.685,     1.0
   124.0,0.040015,0.018671,0.145990,0.017994,0.000000,  15.686,     1.0
   125.0,0.038899,0.018230,0.141341,0.017124,0.000000,  15.690,     1.0
   126.0,0.037888,0.017707,0.137772,0.017183,0.000000,  15.687,     1.0
   127.0,0.036870,0.017158,0.134258,0.017679,0.000000,  15.688,     1.1
   128.0,0.035714,0.016703,0.130214,0.017925,0.000000,  15.691,     1.1
   129.0,0.034802,0.016264,0.127217,0.017222,0.000000,  15.690,     1.1
   130.0,0.033933,0.015801,0.124171,0.016893,0.000000,  15.691,     1.1
   131.0,0.033072,0.015360,0.121148,0.016440,0.000000,  15.689,     1.1
   132.0,0.032060,0.014973,0.117616,0.016091,0.000000,  15.691,     1.1
   133.0,0.031306,0.014525,0.115106,0.017021,0.000000,  15.699,     1.1
   134.0,0.030554,0.014128,0.112630,0.017326,0.000000,  15.697,     1.1
   135.0,0.029856,0.013774,0.109937,0.016512,0.000000,  15.695,     1.1
   136.0,0.029025,0.013436,0.107611,0.015594,0.000000,  15.695,     1.1
   137.0,0.028440,0.013090,0.105544,0.015631,0.000000,  15.698,     1.1
   138.0,0.027889,0.012815,0.103597,0.015198,0.000000,  15.693,     1.1
   139.0,0.027234,0.012563,0.101577,0.016178,0.000000,  15.698,     1.2
   140.0,0.026756,0.012312,0.099827,0.015676,0.000000,  15.698,     1.2
   141.0,0.026293,0.012035,0.098292,0.015870,0.000000,  15.698,     1.2
   142.0,0.025826,0.011844,0.096522,0.015534,0.000000,  15.700,     1.2
   143.0,0.025340,0.011635,0.095060,0.015972,0.000000,  15.702,     1.2
   144.0,0.024974,0.011399,0.093778,0.016243,0.000000,  15.704,     1.2
   145.0,0.024590,0.011224,0.092665,0.016056,0.000000,  15.698,     1.2
   146.0,0.024215,0.011084,0.091245,0.014721,0.000000,  15.700,     1.2
   147.0,0.023957,0.010950,0.090197,0.016108,0.000000,  15.693,     1.2
   148.0,0.023673,0.010795,0.089034,0.016725,0.000000,  15.699,     1.2
   149.0,0.023378,0.010664,0.088006,0.016264,0.000000,  15.701,     1.2
   150.0,0.023095,0.010541,0.087171,0.015640,0.000000,  15.700,     1.3
   151.0,0.022844,0.010432,0.086307,0.015099,0.000000,  15.702,     1.3
   152.0,0.022617,0.010316,0.085592,0.015879,0.000000,  15.697,     1.3
   153.0,0.022399,0.010232,0.084805,0.016083,0.000000,  15.694,     1.3
   154.0,0.022211,0.010152,0.084077,0.014721,0.000000,  15.704,     1.3
   155.0,0.022045,0.010081,0.083540,0.016024,0.000000,  15.705,     1.3
   156.0,0.021866,0.010008,0.082901,0.014978,0.000000,  15.701,     1.3
   157.0,0.021729,0.009955,0.082526,0.015465,0.000000,  15.701,     1.3
   158.0,0.021588,0.009917,0.082005,0.015681,0.000000,  15.700,     1.3
   159.0,0.021465,0.009871,0.081455,0.014342,0.000000,  15.708,     1.3
   160.0,0.021346,0.009831,0.080991,0.014018,0.000000,  15.707,     1.3
   161.0,0.021247,0.009776,0.080693,0.014204,0.000000,  15.703,     1.3
   162.0,0.021145,0.009760,0.080329,0.016118,0.000000,  15.705,     1.4
   163.0,0.021073,0.009738,0.080014,0.016304,0.000000,  15.707,     1.4
   164.0,0.020988,0.009723,0.079772,0.014294,0.000000,  15.708,     1.4
   165.0,0.020932,0.009715,0.079686,0.013111,0.000000,  15.707,     1.4
   166.0,0.020889,0.009711,0.079354,0.014035,0.000000,  15.709,     1.4
   167.0,0.020852,0.009722,0.079034,0.015189,0.000000,  15.707,     1.4
   168.0,0.020809,0.009726,0.078978,0.016075,0.000000,  15.707,     1.4
   169.0,0.020813,0.009745,0.078966,0.015333,0.000000,  15.709,     1.4
   170.0,0.020796,0.009790,0.078948,0.014270,0.000000,  15.716,     1.4
   171.0,0.020805,0.009816,0.079039,0.014192,0.000000,  15.712,     1.4
   172.0,0.020824,0.009858,0.079108,0.015141,0.000000,  15.714,     1.4
   173.0,0.020876,0.009925,0.079194,0.014131,0.000000,  15.706,     1.4
   174.0,0.020950,0.009971,0.079409,0.013657,0.000000,  15.717,     1.5
   175.0,0.021011,0.010042,0.079613,0.013843,0.000000,  15.717,     1.5
   176.0,0.021073,0.010116,0.079767,0.015854,0.000000,  15.717,     1.5
   177.0,0.021153,0.010201,0.080187,0.015579,0.000000,  15.712,     1.5
   178.0,0.021284,0.010302,0.080589,0.015865,0.000000,  15.720,     1.5
   179.0,0.021388,0.010400,0.080848,0.015876,0.000000,  15.726,     1.5
   180.0,0.021483,0.010516,0.081385,0.015576,0.000000,  15.725,     1.5
   181.0,0.021625,0.010625,0.081962,0.015928,0.000000,  15.726,     1.5
   182.0,0.021780,0.010762,0.082426,0.016810,0.000000,  15.728,     1.5
   183.0,0.021907,0.010911,0.082978,0.015845,0.000000,  15.727,     1.5
   184.0,0.022082,0.011049,0.083440,0.017054,0.000000,  15.728,     1.5
   185.0,0.022238,0.011177,0.084093,0.016638,0.000000,  15.723,     1.5
   186.0,0.022389,0.011334,0.084748,0.015409,0.000000,  15.722,     1.5
   187.0,0.022550,0.011484,0.085433,0.016345,0.000000,  15.729,     1.6
   188.0,0.022758,0.011630,0.086090,0.016466,0.000000,  15.729,     1.6
   189.0,0.022914,0.011765,0.086733,0.017141,0.000000,  15.728,     1.6
   190.0,0.023080,0.011944,0.087391,0.017302,0.000000,  15.730,     1.6
   191.0,0.023256,0.012084,0.088021,0.015820,0.000000,  15.721,     1.6
   192.0,0.023516,0.012250,0.088696,0.016414,0.000000,  15.725,     1.6
   193.0,0.023720,0.012441,0.089475,0.017391,0.000000,  15.730,     1.6
   194.0,0.023947,0.012605,0.090315,0.017703,0.000000,  15.732,     1.6
   195.0,0.024270,0.012785,0.091422,0.017405,0.000000,  15.734,     1.6
   196.0,0.024570,0.012984,0.092487,0.016627,0.000000,  15.729,     1.6
   197.0,0.024911,0.013228,0.093673,0.015787,0.000000,  15.734,     1.6
   198.0,0.025306,0.013428,0.095073,0.016407,0.000000,  15.735,     1.6
   199.0,0.025815,0.013646,0.096535,0.016803,0.000000,  15.735,     1.7
   200.0,0.026287,0.013909,0.098034,0.017151,0.000000,  15.732,     1.7
   201.0,0.026793,0.014256,0.099613,0.016495,0.000000,  15.736,     1.7
   202.0,0.027376,0.014535,0.101651,0.017483,0.000000,  15.738,     1.7
   203.0,0.027965,0.014823,0.103425,0.017082,0.000000,  15.739,     1.7
   204.0,0.028531,0.015188,0.105160,0.017146,0.000000,  15.743,     1.7
   205.0,0.029135,0.015480,0.107086,0.018226,0.000000,  15.743,     1.7
   206.0,0.029702,0.015790,0.108772,0.017948,0.000000,  15.746,     1.7
   207.0,0.030230,0.016088,0.110270,0.018432,0.000000,  15.745,     1.7
   208.0,0.030712,0.016421,0.111754,0.018568,0.000000,  15.747,     1.7
   209.0,0.031257,0.016681,0.113403,0.019096,0.000000,  15.752,     1.7
   210.0,0.031695,0.016937,0.114691,0.018799,0.000000,  15.747,     1.8
   211.0,0.032087,0.017237,0.115815,0.018555,0.000000,  15.745,     1.8
   212.0,0.032455,0.017502,0.117036,0.018852,0.000000,  15.740,     1.8
   213.0,0.032899,0.017752,0.118025,0.019013,0.000000,  15.744,     1.8
   214.0,0.033182,0.018009,0.118901,0.019096,0.000000,  15.742,     1.8
   215.0,0.033454,0.018251,0.119536,0.019414,0.000000,  15.742,     1.8
   216.0,0.033719,0.018490,0.119915,0.019409,0.000000,  15.742,     1.8
   217.0,0.033938,0.018707,0.120152,0.018872,0.000000,  15.739,     1.8
   218.0,0.034045,0.018924,0.120104,0.019038,0.000000,  15.736,     1.8
   219.0,0.034093,0.019081,0.119678,0.019174,0.000000,  15.733,     1.8
   220.0,0.034035,0.019210,0.118901,0.019199,0.000000,  15.733,     1.8
   221.0,0.033905,0.019310,0.117857,0.018579,0.000000,  15.731,     1.8
   222.0,0.033691,0.019397,0.116566,0.018550,0.000000,  15.730,     1.9
   223.0,0.033352,0.019379,0.114765,0.018584,0.000000,  15.732,     1.9
   224.0,0.032882,0.019353,0.112871,0.017904,0.000000,  15.733,     1.9
   225.0,0.032394,0.019271,0.110807,0.017576,0.000000,  15.737,     1.9
   226.0,0.031839,0.019104,0.108560,0.017840,0.000000,  15.734,     1.9
   227.0,0.031148,0.018941,0.105333,0.018333,0.000000,  15.738,     1.9
   228.0,0.030425,0.018735,0.103032,0.018221,0.000000,  15.742,     1.9
   229.0,0.029742,0.018507,0.100472,0.018577,0.000000,  15.737,     1.9
   230.0,0.029063,0.018236,0.097899,0.017683,0.000000,  15.736,     1.9
   231.0,0.028205,0.018000,0.094744,0.017927,0.000000,  15.745,     1.9
   232.0,0.027510,0.017732,0.092176,0.017600,0.000000,  15.746,     1.9
   233.0,0.026789,0.017458,0.089534,0.016127,0.000000,  15.742,     1.9
   234.0,0.025922,0.017201,0.086396,0.016971,0.000000,  15.745,     2.0
   235.0,0.025227,0.016972,0.083949,0.016726,0.000000,  15.743,     2.0
   236.0,0.024546,0.016699,0.081502,0.016226,0.000000,  15.746,     2.0
   237.0,0.023767,0.016458,0.078966,0.015798,0.000000,  15.746,     2.0
   238.0,0.023124,0.016248,0.076174,0.016801,0.000000,  15.751,     2.0
   239.0,0.022508,0.016034,0.073784,0.016693,0.000000,  15.755,     2.0
   240.0,0.021890,0.015825,0.071226,0.016586,0.000000,  15.755,     2.0
   241.0,0.021163,0.015651,0.068400,0.016591,0.000000,  15.756,     2.0
   242.0,0.020588,0.015465,0.066010,0.016196,0.000000,  15.758,     2.0
   243.0,0.019991,0.015275,0.063633,0.016231,0.000000,  15.760,     2.0
   244.0,0.019417,0.015076,0.060938,0.015185,0.000000,  15.753,     2.0
   245.0,0.018704,0.014892,0.058228,0.015926,0.000000,  15.754,     2.0
   246.0,0.018152,0.014724,0.055967,0.015711,0.000000,  15.765,     2.0
   247.0,0.017595,0.014475,0.053578,0.015555,0.000000,  15.767,     2.1
   248.0,0.016988,0.014256,0.050775,0.015859,0.000000,  15.768,     2.1
   249.0,0.016320,0.014019,0.048554,0.015132,0.000000,  15.772,     2.1
   250.0,0.015756,0.013655,0.046270,0.015167,0.000000,  15.772,     2.1
   251.0,0.015189,0.013364,0.044045,0.014761,0.000000,  15.773,     2.1
   252.0,0.014529,0.013029,0.041423,0.012653,0.000000,  15.773,     2.1
   253.0,0.013908,0.012666,0.039373,0.013235,0.000000,  15.777,     2.1
   254.0,0.013338,0.012179,0.037338,0.014284,0.000000,  15.778,     2.1
   255.0,0.012714,0.011817,0.035143,0.012957,0.000000,  15.778,     2.1
   256.0,0.012113,0.011397,0.033247,0.013064,0.000000,  15.780,     2.1
   257.0,0.011568,0.010944,0.031505,0.012687,0.000000,  15.784,     2.1
   258.0,0.010998,0.010421,0.029767,0.013407,0.000000,  15.785,     2.2
   259.0,0.010381,0.009992,0.027734,0.013980,0.000000,  15.787,     2.2
   260.0,0.009894,0.009560,0.026281,0.014141,0.000000,  15.784,     2.2
   261.0,0.009417,0.009087,0.024869,0.013802,0.000000,  15.779,     2.2
   262.0,0.008972,0.008676,0.023503,0.012798,0.000000,  15.783,     2.2
   263.0,0.008445,0.008301,0.021915,0.011851,0.000000,  15.781,     2.2
   264.0,0.008052,0.007915,0.020671,0.012697,0.000000,  15.782,     2.2
   265.0,0.007686,0.007580,0.019580,0.013438,0.000000,  15.784,     2.2
   266.0,0.007266,0.007276,0.018305,0.013814,0.000000,  15.787,     2.2
   267.0,0.006942,0.007009,0.017183,0.012924,0.000000,  15.785,     2.2
   268.0,0.006655,0.006757,0.016323,0.013058,0.000000,  15.789,     2.2
   269.0,0.006395,0.006583,0.015392,0.012998,0.000000,  15.790,     2.2
   270.0,0.006112,0.006460,0.014537,0.012784,0.000000,  15.791,     2.3
   271.0,0.005926,0.006375,0.013795,0.012998,0.000000,  15.795,     2.3
   272.0,0.005739,0.006297,0.013091,0.010900,0.000000,  15.798,     2.3
   273.0,0.005548,0.006239,0.012314,0.009357,0.000000,  15.798,     2.3
   274.0,0.005344,0.006188,0.011650,0.011591,0.000000,  15.801,     2.3
   275.0,0.005225,0.006172,0.011244,0.011654,0.000000,  15.807,     2.3
   276.0,0.005075,0.006146,0.010655,0.011626,0.000000,  15.810,     2.3
   277.0,0.004939,0.006090,0.010029,0.011860,0.000000,  15.817,     2.3
   278.0,0.004830,0.006038,0.009552,0.012330,0.000000,  15.822,     2.3
   279.0,0.004712,0.005942,0.009148,0.013045,0.000000,  15.820,     2.3
   280.0,0.004572,0.005854,0.008708,0.012448,0.000000,  15.826,     2.3
   281.0,0.004476,0.005772,0.008342,0.012756,0.000000,  15.827,     2.3
   282.0,0.004349,0.005626,0.007976,0.014272,0.000000,  15.834,     2.3
   283.0,0.004173,0.005470,0.007647,0.011955,0.000000,  15.831,     2.4
   284.0,0.003973,0.005296,0.007062,0.013565,0.000000,  15.830,     2.4
   285.0,0.003688,0.005063,0.006660,0.014005,0.000000,  15.829,     2.4
   286.0,0.003276,0.004687,0.006151,0.017101,0.000000,  15.825,     2.4
   287.0,0.002530,0.004215,0.005240,0.019144,0.000000,  15.826,     2.4
   288.0,0.001538,0.003480,0.003897,0.019198,0.000000,  15.822,     2.4
   289.0,0.000108,0.002231,0.002305,0.016911,0.000000,  15.815,     2.4
   290.0,-0.001855,0.000519,0.000072,0.013749,0.000000,  15.817,     2.4
   291.0,-0.005083,-0.001605,-0.003221,0.012740,0.000000,  15.804,     2.4
   292.0,-0.008165,-0.004553,-0.006203,0.008100,0.000000,  15.807,     2.4
   293.0,-0.011514,-0.007782,-0.009381,0.004524,0.000000,  15.802,     2.4
   294.0,-0.015365,-0.010767,-0.012390,-0.001874,0.000000,  15.800,     2.5
   295.0,-0.017928,-0.013474,-0.014757,-0.006671,0.000000,  15.791,     2.5
   296.0,-0.019846,-0.016103,-0.015971,-0.009721,0.000000,  15.792,     2.5
   297.0,-0.020518,-0.017454,-0.015867,-0.009030,0.000000,  15.784,     2.5
   298.0,-0.019437,-0.017640,-0.014136,-0.006672,0.000000,  15.785,     2.5
   299.0,-0.017208,-0.016591,-0.011657,-0.002891,0.000000,  15.781,     2.5
   300.0,-0.014138,-0.013901,-0.008569,0.001434,0.000000,  15.775,     2.5
   301.0,-0.010376,-0.011024,-0.004538,0.007516,0.000000,  15.780,     2.5
   302.0,-0.005961,-0.007600,-0.001397,0.011694,0.000000,  15.774,     2.5
   303.0,-0.002708,-0.004047,0.001153,0.013085,0.000000,  15.773,     2.5
   304.0,-0.000014,-0.000185,0.003136,0.016318,0.000000,  15.771,     2.5
   305.0,0.002426,0.002173,0.005205,0.020847,0.000000,  15.774,     2.5
   306.0,0.004658,0.004267,0.006843,0.022991,0.000000,  15.768,     2.5
   307.0,0.006800,0.006821,0.008488,0.025007,0.000000,  15.773,     2.6
   308.0,0.009334,0.008970,0.010360,0.025440,0.000000,  15.758,     2.6
   309.0,0.011762,0.011267,0.012351,0.028435,0.000000,  15.772,     2.6
   310.0,0.013727,0.013590,0.013499,0.030015,0.000000,  15.760,     2.6
   311.0,0.015310,0.015863,0.014463,0.030389,0.000000,  15.765,     2.6
   312.0,0.016781,0.017324,0.015317,0.031413,0.000000,  15.765,     2.6
   313.0,0.017772,0.018568,0.015877,0.031198,0.000000,  15.768,     2.6
   314.0,0.018455,0.019726,0.016174,0.031605,0.000000,  15.759,     2.6
   315.0,0.018685,0.020486,0.015988,0.032308,0.000000,  15.760,     2.6
   316.0,0.018175,0.020555,0.015280,0.032901,0.000000,  15.763,     2.6
   317.0,0.017253,0.019969,0.014462,0.031036,0.000000,  15.762,     2.6
   318.0,0.016008,0.018638,0.013461,0.030360,0.000000,  15.759,     2.7
   319.0,0.014617,0.017237,0.012093,0.028766,0.000000,  15.755,     2.7
   320.0,0.012778,0.015653,0.010949,0.029150,0.000000,  15.741,     2.7
   321.0,0.011495,0.014030,0.010029,0.028749,0.000000,  15.727,     2.7
   322.0,0.010280,0.012211,0.009185,0.028593,0.000000,  15.704,     2.7
   323.0,0.009109,0.010927,0.008195,0.028195,0.000000,  15.672,     2.7
   324.0,0.007919,0.009703,0.007573,0.025438,0.000000,  15.625,     2.7
   325.0,0.007042,0.008362,0.006953,0.025227,0.000000,  15.572,     2.7
   326.0,0.006245,0.007451,0.006405,0.023803,0.000000,  15.506,     2.7
   327.0,0.005494,0.006602,0.005859,0.024006,0.000000,  15.428,     2.7
   328.0,0.004953,0.005884,0.005532,0.022218,0.000000,  15.342,     2.7
   329.0,0.004476,0.005106,0.005131,0.022894,0.000000,  15.266,     2.7
   330.0,0.004032,0.004615,0.004768,0.021845,0.000000,  15.198,     2.8
   331.0,0.003683,0.004220,0.004550,0.021975,0.000000,  15.142,     2.8
   332.0,0.003407,0.003834,0.004368,0.021845,0.000000,  15.123,     2.8
   333.0,0.003154,0.003481,0.004151,0.021830,0.000000,  15.126,     2.8
   334.0,0.002928,0.003259,0.003860,0.020434,0.000000,  15.166,     2.8
   335.0,0.002774,0.003043,0.003825,0.019935,0.000000,  15.239,     2.8
   336.0,0.002639,0.002860,0.003716,0.020192,0.000000,  15.340,     2.8
   337.0,0.002499,0.002767,0.003717,0.020368,0.000000,  15.478,     2.8
   338.0,0.002404,0.002676,0.003608,0.019893,0.000000,  15.646,     2.8
   339.0,0.002323,0.002606,0.003462,0.018150,0.000000,  15.822,     2.8
   340.0,0.002282,0.002562,0.003426,0.017885,0.000000,  16.015,     2.8
   341.0,0.002214,0.002536,0.003427,0.016383,0.000000,  16.215,     2.8
   342.0,0.002169,0.002514,0.003391,0.015420,0.000000,  16.418,     2.8
   343.0,0.002147,0.002510,0.003354,0.015285,0.000000,  16.610,     2.9
   344.0,0.002138,0.002489,0.003317,0.015430,0.000000,  16.807,     2.9
   345.0,0.002120,0.002481,0.003354,0.013850,0.000000,  16.984,     2.9
   346.0,0.002106,0.002474,0.003317,0.013446,0.000000,  17.150,     2.9
   347.0,0.002106,0.002478,0.003243,0.013747,0.000000,  17.280,     2.9
   348.0,0.002102,0.002474,0.003390,0.014954,0.000000,  17.390,     2.9
   349.0,0.002138,0.002463,0.003425,0.016102,0.000000,  17.469,     2.9
   350.0,0.002165,0.002453,0.003607,0.016137,0.000000,  17.525,     2.9
   351.0,0.002174,0.002460,0.003788,0.015283,0.000000,  17.546,     2.9
   352.0,0.002210,0.002449,0.003897,0.014684,0.000000,  17.524,     2.9
   353.0,0.002246,0.002456,0.004042,0.015359,0.000000,  17.503,     2.9
   354.0,0.002264,0.002456,0.004260,0.015281,0.000000,  17.447,     3.0
   355.0,0.002296,0.002467,0.004442,0.015526,0.000000,  17.366,     3.0
   356.0,0.002327,0.002456,0.004476,0.014582,0.000000,  17.273,     3.0
   357.0,0.002318,0.002455,0.004586,0.013066,0.000000,  17.172,     3.0
   358.0,0.002345,0.002441,0.004768,0.012418,0.000000,  17.055,     3.0
   359.0,0.002377,0.002422,0.004694,0.014271,0.000000,  16.949,     3.0
   360.0,0.002404,0.002401,0.004840,0.013595,0.000000,  16.841,     3.0
   361.0,0.002445,0.002397,0.004877,0.011737,0.000000,  16.729,     3.0
   362.0,0.002526,0.002390,0.004768,0.011296,0.000000,  16.626,     3.0
   363.0,0.002625,0.002405,0.004731,0.012556,0.000000,  16.534,     3.0
   364.0,0.002765,0.002438,0.004622,0.013302,0.000000,  16.443,     3.0
   365.0,0.002969,0.002489,0.004550,0.013293,0.000000,  16.354,     3.0
   366.0,0.003344,0.002556,0.004440,0.014719,0.000000,  16.286,     3.0
   367.0,0.003733,0.002694,0.004478,0.015042,0.000000,  16.215,     3.1
   368.0,0.004223,0.002878,0.004478,0.015286,0.000000,  16.158,     3.1
   369.0,0.004803,0.003076,0.004369,0.015715,0.000000,  16.113,     3.1
   370.0,0.005607,0.003308,0.004260,0.015899,0.000000,  16.067,     3.1
   371.0,0.006295,0.003636,0.004222,0.015221,0.000000,  16.015,     3.1
   372.0,0.007006,0.003930,0.004260,0.013955,0.000000,  15.983,     3.1
   373.0,0.007837,0.004214,0.004223,0.014552,0.000000,  15.952,     3.1
   374.0,0.008418,0.004493,0.004260,0.014934,0.000000,  15.921,     3.1
   375.0,0.008931,0.004777,0.004150,0.014773,0.000000,  15.897,     3.1
   376.0,0.009316,0.004943,0.004077,0.014594,0.000000,  15.868,     3.1
   377.0,0.009555,0.005082,0.004077,0.013925,0.000000,  15.849,     3.1
   378.0,0.009619,0.005123,0.003931,0.012805,0.000000,  15.826,     3.2
   379.0,0.009509,0.005109,0.003895,0.013058,0.000000,  15.805,     3.2
   380.0,0.009270,0.005035,0.003896,0.012764,0.000000,  15.787,     3.2
   381.0,0.008881,0.004909,0.003897,0.013245,0.000000,  15.767,     3.2
   382.0,0.008455,0.004703,0.003787,0.012761,0.000000,  15.749,     3.2
   383.0,0.007974,0.004437,0.003788,0.012360,0.000000,  15.729,     3.2
   384.0,0.007330,0.004194,0.003752,0.012677,0.000000,  15.709,     3.2
   385.0,0.006778,0.003901,0.003532,0.011274,0.000000,  15.693,     3.2
   386.0,0.006245,0.003605,0.003570,0.011966,0.000000,  15.674,     3.2
   387.0,0.005616,0.003337,0.003606,0.011182,0.000000,  15.655,     3.2
   388.0,0.005126,0.003091,0.003607,0.011360,0.000000,  15.637,     3.2
   389.0,0.004685,0.002834,0.003681,0.010777,0.000000,  15.620,     3.2
   390.0,0.004263,0.002584,0.003681,0.010245,0.000000,  15.596,     3.3
   391.0,0.003797,0.002383,0.003752,0.010723,0.000000,  15.585,     3.3
   392.0,0.003471,0.002178,0.003862,0.011132,0.000000,  15.561,     3.3
   393.0,0.003181,0.001973,0.003898,0.010489,0.000000,  15.544,     3.3
   394.0,0.002842,0.001833,0.004189,0.010050,0.000000,  15.518,     3.3
   395.0,0.002616,0.001697,0.004298,0.011151,0.000000,  15.496,     3.3
   396.0,0.002422,0.001565,0.004442,0.011376,0.000000,  15.471,     3.3
   397.0,0.002260,0.001467,0.004623,0.012313,0.000000,  15.447,     3.3
   398.0,0.002097,0.001379,0.004878,0.011523,0.000000,  15.425,     3.3
   399.0,0.001989,0.001284,0.005132,0.010954,0.000000,  15.397,     3.3
   400.0,0.001908,0.001214,0.005459,0.010298,0.000000,  15.377,     3.3
   401.0,0.001818,0.001170,0.005932,0.010552,0.000000,  15.351,     3.3
   402.0,0.001768,0.001112,0.006406,0.010891,0.000000,  15.325,     3.3
   403.0,0.001732,0.001104,0.007064,0.011238,0.000000,  15.291,     3.4
   404.0,0.001723,0.001086,0.007574,0.011369,0.000000,  15.280,     3.4
   405.0,0.001750,0.001083,0.008451,0.011514,0.000000,  15.249,     3.4
   406.0,0.001786,0.001090,0.009442,0.011395,0.000000,  15.237,     3.4
   407.0,0.001858,0.001126,0.010655,0.011444,0.000000,  15.211,     3.4
   408.0,0.001984,0.001170,0.012647,0.011245,0.000000,  15.190,     3.4
   409.0,0.002138,0.001243,0.014574,0.012136,0.000000,  15.175,     3.4
   410.0,0.002318,0.001331,0.016921,0.011460,0.000000,  15.154,     3.4
   411.0,0.002594,0.001481,0.020068,0.011399,0.000000,  15.135,     3.4
   412.0,0.002991,0.001628,0.024796,0.011200,0.000000,  15.117,     3.4
   413.0,0.003403,0.001851,0.029040,0.010890,0.000000,  15.108,     3.4
   414.0,0.003932,0.002156,0.034404,0.012096,0.000000,  15.093,     3.5
   415.0,0.004635,0.002482,0.040713,0.011483,0.000000,  15.082,     3.5
   416.0,0.005326,0.002842,0.048560,0.011895,0.000000,  15.070,     3.5
   417.0,0.006085,0.003322,0.055607,0.011551,0.000000,  15.055,     3.5
   418.0,0.006896,0.003837,0.063684,0.012014,0.000000,  15.045,     3.5
   419.0,0.007938,0.004334,0.073103,0.011762,0.000000,  15.027,     3.5
   420.0,0.008807,0.004850,0.080649,0.011000,0.000000,  15.024,     3.5
   421.0,0.009651,0.005489,0.088065,0.012293,0.000000,  15.019,     3.5
   422.0,0.010450,0.005993,0.095610,0.011071,0.000000,  15.004,     3.5
   423.0,0.011348,0.006462,0.102406,0.012270,0.000000,  15.001,     3.5
   424.0,0.011957,0.006984,0.107519,0.010983,0.000000,  14.995,     3.5
   425.0,0.012502,0.007352,0.111801,0.012162,0.000000,  14.992,     3.5
   426.0,0.013020,0.007667,0.115654,0.012095,0.000000,  14.982,     3.5
   427.0,0.013298,0.007912,0.117675,0.011079,0.000000,  14.982,     3.6
   428.0,0.013487,0.008123,0.118544,0.011303,0.000000,  14.972,     3.6
   429.0,0.013566,0.008220,0.118686,0.011542,0.000000,  14.968,     3.6
   430.0,0.013533,0.008235,0.117554,0.011525,0.000000,  14.964,     3.6
   431.0,0.013395,0.008206,0.116030,0.011460,0.000000,  14.961,     3.6
   432.0,0.013182,0.008084,0.113617,0.010862,0.000000,  14.957,     3.6
   433.0,0.012876,0.007960,0.110112,0.010793,0.000000,  14.952,     3.6
   434.0,0.012515,0.007793,0.106884,0.011063,0.000000,  14.954,     3.6
   435.0,0.012128,0.007574,0.103060,0.011579,0.000000,  14.954,     3.6
   436.0,0.011708,0.007292,0.099280,0.010413,0.000000,  14.947,     3.6
   437.0,0.011173,0.007015,0.094180,0.011000,0.000000,  14.948,     3.6
   438.0,0.010713,0.006737,0.090138,0.011900,0.000000,  14.946,     3.7
   439.0,0.010285,0.006436,0.086076,0.012629,0.000000,  14.950,     3.7
   440.0,0.009739,0.006166,0.081762,0.011347,0.000000,  14.946,     3.7
   441.0,0.009284,0.005889,0.077007,0.010909,0.000000,  14.942,     3.7
   442.0,0.008853,0.005589,0.073060,0.010507,0.000000,  14.946,     3.7
   443.0,0.008418,0.005305,0.069241,0.010669,0.000000,  14.948,     3.7
   444.0,0.007937,0.005062,0.064850,0.010137,0.000000,  14.931,     3.7
   445.0,0.007554,0.004833,0.061600,0.010028,0.000000,  14.930,     3.7
   446.0,0.007170,0.004563,0.058261,0.009998,0.000000,  14.933,     3.7
   447.0,0.006814,0.004360,0.054865,0.009704,0.000000,  14.937,     3.7
   448.0,0.006422,0.004137,0.051738,0.010637,0.000000,  14.928,     3.7
   449.0,0.006112,0.003941,0.049076,0.010499,0.000000,  14.936,     3.7
   450.0,0.005817,0.003754,0.046037,0.011099,0.000000,  14.936,     3.8
   451.0,0.005458,0.003567,0.043409,0.009958,0.000000,  14.936,     3.8
   452.0,0.005208,0.003423,0.041226,0.008995,0.000000,  14.935,     3.8
   453.0,0.004967,0.003268,0.039138,0.009897,0.000000,  14.937,     3.8
   454.0,0.004708,0.003143,0.036747,0.008802,0.000000,  14.934,     3.8
   455.0,0.004472,0.002993,0.034879,0.009380,0.000000,  14.937,     3.8
   456.0,0.004295,0.002864,0.033247,0.009449,0.000000,  14.935,     3.8
   457.0,0.004091,0.002765,0.031660,0.009719,0.000000,  14.935,     3.8
   458.0,0.003878,0.002647,0.029921,0.008840,0.000000,  14.935,     3.8
   459.0,0.003733,0.002541,0.028538,0.009078,0.000000,  14.939,     3.8
   460.0,0.003552,0.002405,0.027277,0.008520,0.000000,  14.934,     3.8
   461.0,0.003398,0.002331,0.025824,0.008985,0.000000,  14.931,     3.8
   462.0,0.003240,0.002239,0.024758,0.008722,0.000000,  14.934,     3.8
   463.0,0.003100,0.002133,0.023659,0.008822,0.000000,  14.937,     3.9
   464.0,0.002987,0.002038,0.022709,0.008877,0.000000,  14.933,     3.9
   465.0,0.002838,0.001954,0.021538,0.009897,0.000000,  14.930,     3.9
   466.0,0.002702,0.001880,0.020672,0.009943,0.000000,  14.933,     3.9
   467.0,0.002621,0.001782,0.019918,0.010544,0.000000,  14.933,     3.9
   468.0,0.002530,0.001719,0.019055,0.009750,0.000000,  14.938,     3.9
   469.0,0.002409,0.001657,0.018193,0.009511,0.000000,  14.936,     3.9
   470.0,0.002318,0.001577,0.017555,0.009727,0.000000,  14.939,     3.9
   471.0,0.002219,0.001504,0.016920,0.009264,0.000000,  14.940,     3.9
   472.0,0.002138,0.001445,0.016286,0.008776,0.000000,  14.938,     3.9
   473.0,0.002066,0.001393,0.015652,0.008745,0.000000,  14.941,     3.9
   474.0,0.002007,0.001331,0.015094,0.010136,0.000000,  14.952,     4.0
   475.0,0.001930,0.001280,0.014611,0.009611,0.000000,  14.949,     4.0
   476.0,0.001876,0.001222,0.014017,0.008939,0.000000,  14.946,     4.0
   477.0,0.001809,0.001185,0.013572,0.008908,0.000000,  14.949,     4.0
   478.0,0.001755,0.001130,0.013091,0.008522,0.000000,  14.953,     4.0
   479.0,0.001723,0.001090,0.012721,0.008499,0.000000,  14.953,     4.0
   480.0,0.001673,0.001047,0.012241,0.009796,0.000000,  14.954,     4.0
   481.0,0.001628,0.001024,0.011908,0.010221,0.000000,  14.954,     4.0
   482.0,0.001574,0.000991,0.011576,0.009403,0.000000,  14.960,     4.0
   483.0,0.001538,0.000962,0.011170,0.008970,0.000000,  14.961,     4.0
   484.0,0.001489,0.000933,0.010912,0.008637,0.000000,  14.959,     4.0
   485.0,0.001453,0.000903,0.010655,0.008290,0.000000,  14.965,     4.0
   486.0,0.001426,0.000860,0.010360,0.007491,0.000000,  14.964,     4.1
   487.0,0.001385,0.000838,0.010176,0.008738,0.000000,  14.967,     4.1
   488.0,0.001354,0.000805,0.009882,0.008707,0.000000,  14.964,     4.1
   489.0,0.001340,0.000790,0.009699,0.008815,0.000000,  14.972,     4.1
   490.0,0.001299,0.000772,0.009515,0.008336,0.000000,  14.967,     4.1
   491.0,0.001281,0.000753,0.009295,0.008531,0.000000,  14.973,     4.1
   492.0,0.001268,0.000747,0.009075,0.007619,0.000000,  14.972,     4.1
   493.0,0.001259,0.000721,0.009001,0.008430,0.000000,  14.974,     4.1
   494.0,0.001227,0.000703,0.008855,0.008392,0.000000,  14.976,     4.1
   495.0,0.001209,0.000670,0.008672,0.008507,0.000000,  14.981,     4.1
   496.0,0.001191,0.000645,0.008598,0.008205,0.000000,  14.972,     4.1
   497.0,0.001173,0.000630,0.008415,0.008013,0.000000,  14.981,     4.1
   498.0,0.001160,0.000623,0.008342,0.008715,0.000000,  14.986,     4.2
   499.0,0.001142,0.000612,0.008269,0.008815,0.000000,  14.984,     4.2
   500.0,0.001119,0.000601,0.008196,0.009820,0.000000,  14.984,     4.2
   501.0,0.001119,0.000604,0.008049,0.009349,0.000000,  14.986,     4.2
   502.0,0.001097,0.000593,0.007939,0.009349,0.000000,  14.984,     4.2
   503.0,0.001083,0.000586,0.007866,0.009078,0.000000,  14.985,     4.2
   504.0,0.001070,0.000568,0.007793,0.008622,0.000000,  14.994,     4.2
   505.0,0.001074,0.000568,0.007720,0.007959,0.000000,  14.997,     4.2
   506.0,0.001074,0.000557,0.007574,0.008684,0.000000,  14.998,     4.2
   507.0,0.001061,0.000542,0.007391,0.009163,0.000000,  14.996,     4.2
   508.0,0.001043,0.000550,0.007281,0.008924,0.000000,  14.996,     4.2
   509.0,0.001038,0.000542,0.007208,0.009465,0.000000,  14.994,     4.2
   510.0,0.001034,0.000535,0.007062,0.009812,0.000000,  14.991,     4.3
   511.0,0.001016,0.000542,0.007026,0.010667,0.000000,  14.993,     4.3
   512.0,0.000993,0.000531,0.006916,0.010036,0.000000,  14.990,     4.3
   513.0,0.001002,0.000524,0.006660,0.009650,0.000000,  14.984,     4.3
   514.0,0.000998,0.000524,0.006661,0.009372,0.000000,  14.980,     4.3
   515.0,0.000984,0.000542,0.006552,0.009201,0.000000,  14.986,     4.3
   516.0,0.000984,0.000527,0.006442,0.008853,0.000000,  14.979,     4.3
   517.0,0.000966,0.000517,0.006296,0.009209,0.000000,  14.985,     4.3
   518.0,0.000948,0.000506,0.006224,0.010005,0.000000,  14.982,     4.3
   519.0,0.000930,0.000513,0.005968,0.009627,0.000000,  14.977,     4.3
   520.0,0.000903,0.000495,0.005895,0.009457,0.000000,  14.984,     4.3
   521.0,0.000876,0.000488,0.005859,0.009457,0.000000,  14.981,     4.3
   522.0,0.000867,0.000466,0.005714,0.009217,0.000000,  14.986,     4.3
   523.0,0.000849,0.000463,0.005568,0.009434,0.000000,  14.984,     4.4
   524.0,0.000836,0.000476,0.005496,0.009078,0.000000,  14.991,     4.4
   525.0,0.000800,0.000443,0.005350,0.008753,0.000000,  14.992,     4.4
   526.0,0.000791,0.000440,0.005131,0.009024,0.000000,  14.995,     4.4
   527.0,0.000773,0.000425,0.005095,0.008745,0.000000,  14.998,     4.4
   528.0,0.000773,0.000407,0.005023,0.010036,0.000000,  15.003,     4.4
   529.0,0.000719,0.000396,0.004840,0.009380,0.000000,  15.009,     4.4
   530.0,0.000715,0.000378,0.004878,0.008492,0.000000,  15.009,     4.4
   531.0,0.000715,0.000374,0.004732,0.008769,0.000000,  15.009,     4.4
   532.0,0.000710,0.000371,0.004622,0.008253,0.000000,  15.012,     4.4
   533.0,0.000706,0.000364,0.004550,0.008228,0.000000,  15.023,     4.4
   534.0,0.000701,0.000363,0.004514,0.008490,0.000000,  15.027,     4.4
   535.0,0.000665,0.000359,0.004405,0.009496,0.000000,  15.029,     4.5
   536.0,0.000670,0.000370,0.004368,0.009519,0.000000,  15.026,     4.5
   537.0,0.000674,0.000370,0.004369,0.010636,0.000000,  15.031,     4.5
   538.0,0.000665,0.000356,0.004260,0.010421,0.000000,  15.037,     4.5
   539.0,0.000661,0.000367,0.004261,0.010313,0.000000,  15.042,     4.5
   540.0,0.000634,0.000356,0.004188,0.009696,0.000000,  15.042,     4.5
   541.0,0.000620,0.000327,0.004042,0.008887,0.000000,  15.045,     4.5
   542.0,0.000629,0.000330,0.004079,0.008394,0.000000,  15.044,     4.5
   543.0,0.000634,0.000330,0.004007,0.009596,0.000000,  15.047,     4.5
   544.0,0.000638,0.000316,0.003825,0.009742,0.000000,  15.048,     4.5
   545.0,0.000625,0.000320,0.003898,0.010066,0.000000,  15.050,     4.5
   546.0,0.000616,0.000320,0.003972,0.010097,0.000000,  15.055,     4.6
   547.0,0.000634,0.000327,0.003972,0.009712,0.000000,  15.054,     4.6
   548.0,0.000593,0.000320,0.003899,0.010882,0.000000,  15.055,     4.6
   549.0,0.000589,0.000334,0.003789,0.010398,0.000000,  15.055,     4.6
   550.0,0.000598,0.000330,0.003643,0.009465,0.000000,  15.053,     4.6
   551.0,0.000607,0.000313,0.003607,0.009411,0.000000,  15.057,     4.6
   552.0,0.000589,0.000323,0.003717,0.010428,0.000000,  15.060,     4.6
   553.0,0.000571,0.000316,0.003572,0.008841,0.000000,  15.059,     4.6
   554.0,0.000571,0.000323,0.003498,0.009588,0.000000,  15.055,     4.6
   555.0,0.000562,0.000319,0.003498,0.009342,0.000000,  15.056,     4.6
   556.0,0.000557,0.000301,0.003500,0.010004,0.000000,  15.056,     4.6
   557.0,0.000548,0.000286,0.003390,0.009627,0.000000,  15.056,     4.6
   558.0,0.000544,0.000283,0.003427,0.009519,0.000000,  15.061,     4.7
   559.0,0.000544,0.000276,0.003501,0.010182,0.000000,  15.059,     4.7
   560.0,0.000526,0.000276,0.003465,0.009635,0.000000,  15.049,     4.7
   561.0,0.000530,0.000280,0.003465,0.010281,0.000000,  15.060,     4.7
   562.0,0.000530,0.000276,0.003245,0.009280,0.000000,  15.062,     4.7
   563.0,0.000544,0.000279,0.003173,0.009234,0.000000,  15.063,     4.7
   564.0,0.000539,0.000279,0.003136,0.009858,0.000000,  15.064,     4.7
   565.0,0.000517,0.000286,0.003063,0.010259,0.000000,  15.064,     4.7
   566.0,0.000512,0.000275,0.003100,0.010475,0.000000,  15.068,     4.7
   567.0,0.000512,0.000286,0.003028,0.010259,0.000000,  15.070,     4.7
   568.0,0.000521,0.000272,0.003102,0.010205,0.000000,  15.069,     4.7
   569.0,0.000521,0.000258,0.003028,0.010228,0.000000,  15.074,     4.7
   570.0,0.000530,0.000290,0.003028,0.011105,0.000000,  15.074,     4.8
   571.0,0.000521,0.000272,0.003029,0.010204,0.000000,  15.080,     4.8
   572.0,0.000539,0.000272,0.002919,0.009673,0.000000,  15.083,     4.8
   573.0,0.000535,0.000290,0.002957,0.009472,0.000000,  15.071,     4.8
   574.0,0.000499,0.000275,0.002847,0.007877,0.000000,  15.085,     4.8
   575.0,0.000481,0.000279,0.002775,0.009248,0.000000,  15.081,     4.8
   576.0,0.000490,0.000271,0.002739,0.008645,0.000000,  15.087,     4.8
   577.0,0.000494,0.000271,0.002739,0.009604,0.000000,  15.089,     4.8
   578.0,0.000472,0.000268,0.002555,0.009496,0.000000,  15.094,     4.8
   579.0,0.000476,0.000250,0.002665,0.010051,0.000000,  15.093,     4.8
   580.0,0.000463,0.000264,0.002666,0.010775,0.000000,  15.090,     4.8
   581.0,0.000481,0.000271,0.002666,0.010598,0.000000,  15.097,     4.8
   582.0,0.000485,0.000254,0.002630,0.011259,0.000000,  15.098,     4.8
   583.0,0.000463,0.000257,0.002630,0.011750,0.000000,  15.099,     4.9
   584.0,0.000458,0.000261,0.002594,0.011266,0.000000,  15.100,     4.9
   585.0,0.000463,0.000264,0.002522,0.010859,0.000000,  15.100,     4.9
   586.0,0.000458,0.000257,0.002595,0.009742,0.000000,  15.106,     4.9
   587.0,0.000445,0.000236,0.002522,0.009858,0.000000,  15.102,     4.9
   588.0,0.000436,0.000243,0.002338,0.010012,0.000000,  15.107,     4.9
   589.0,0.000427,0.000239,0.002486,0.012133,0.000000,  15.106,     4.9
   590.0,0.000436,0.000235,0.002302,0.012659,0.000000,  15.108,     4.9
   591.0,0.000418,0.000239,0.002266,0.012304,0.000000,  15.111,     4.9
   592.0,0.000431,0.000239,0.002304,0.013010,0.000000,  15.115,     4.9
   593.0,0.000440,0.000250,0.002230,0.012080,0.000000,  15.116,     4.9
   594.0,0.000413,0.000232,0.002377,0.012558,0.000000,  15.121,     4.9
   595.0,0.000413,0.000235,0.002269,0.012766,0.000000,  15.121,     5.0
   596.0,0.000400,0.000224,0.002377,0.012873,0.000000,  15.124,     5.0
   597.0,0.000418,0.000221,0.002305,0.013057,0.000000,  15.126,     5.0
   598.0,0.000422,0.000225,0.002269,0.013217,0.000000,  15.128,     5.0
   599.0,0.000436,0.000218,0.002233,0.010390,0.000000,  15.123,     5.0
   600.0,0.000422,0.000232,0.002233,0.011067,0.000000,  15.130,     5.0
   601.0,0.000422,0.000236,0.002197,0.012371,0.000000,  15.126,     5.0
   602.0,0.000427,0.000221,0.002197,0.009796,0.000000,  15.133,     5.0
   603.0,0.000409,0.000225,0.002161,0.009434,0.000000,  15.136,     5.0
   604.0,0.000409,0.000229,0.002125,0.010513,0.000000,  15.138,     5.0
   605.0,0.000404,0.000229,0.002234,0.010421,0.000000,  15.139,     5.0
   606.0,0.000409,0.000236,0.002161,0.009580,0.000000,  15.128,     5.1
   607.0,0.000413,0.000232,0.002015,0.008622,0.000000,  15.133,     5.1
   608.0,0.000404,0.000239,0.002015,0.009519,0.000000,  15.142,     5.1
   609.0,0.000409,0.000239,0.002052,0.009766,0.000000,  15.138,     5.1
   610.0,0.000413,0.000228,0.002088,0.010498,0.000000,  15.143,     5.1
   611.0,0.000391,0.000214,0.002052,0.011888,0.000000,  15.141,     5.1
   612.0,0.000382,0.000210,0.002088,0.012186,0.000000,  15.149,     5.1
   613.0,0.000382,0.000195,0.002052,0.012240,0.000000,  15.148,     5.1
   614.0,0.000382,0.000202,0.002016,0.012592,0.000000,  15.150,     5.1
   615.0,0.000368,0.000206,0.001907,0.012156,0.000000,  15.150,     5.1
   616.0,0.000346,0.000199,0.002016,0.012454,0.000000,  15.149,     5.1
   617.0,0.000346,0.000195,0.001980,0.012752,0.000000,  15.157,     5.1
   618.0,0.000350,0.000202,0.001907,0.012937,0.000000,  15.162,     5.2
   619.0,0.000319,0.000199,0.001944,0.012401,0.000000,  15.152,     5.2
   620.0,0.000332,0.000181,0.001872,0.012538,0.000000,  15.157,     5.2
   621.0,0.000341,0.000174,0.001944,0.011565,0.000000,  15.153,     5.2
   622.0,0.000341,0.000166,0.001908,0.012424,0.000000,  15.156,     5.2
   623.0,0.000364,0.000181,0.001872,0.012371,0.000000,  15.157,     5.2
   624.0,0.000359,0.000199,0.001872,0.012937,0.000000,  15.158,     5.2
   625.0,0.000341,0.000192,0.001800,0.012782,0.000000,  15.159,     5.2
   626.0,0.000346,0.000199,0.001800,0.011759,0.000000,  15.158,     5.2
   627.0,0.000346,0.000206,0.001836,0.012428,0.000000,  15.157,     5.2
   628.0,0.000341,0.000192,0.001800,0.012598,0.000000,  15.164,     5.2
   629.0,0.000323,0.000202,0.001800,0.012813,0.000000,  15.165,     5.2
   630.0,0.000328,0.000202,0.001726,0.012759,0.000000,  15.166,     5.3
   631.0,0.000337,0.000195,0.001800,0.012103,0.000000,  15.162,     5.3
   632.0,0.000323,0.000192,0.001728,0.012826,0.000000,  15.167,     5.3
   633.0,0.000319,0.000181,0.001692,0.012063,0.000000,  15.171,     5.3
   634.0,0.000323,0.000167,0.001692,0.012311,0.000000,  15.172,     5.3
   635.0,0.000319,0.000156,0.001692,0.012280,0.000000,  15.177,     5.3
