Run Name,20220826_BSA_NA_NA
Run Date,12:00:17 PM   08-26-22
Method Name,0.5 ml / min 100 uL inject 4WL FRET
Export Format Version, 1.00
Method ID,  897
Points/Second, 1.00
Number of Records,    630
Offset from Run Start Time,00:00:00
Run End Time,00:10:30
Time,Second
QuadTec 1, (280.0 nm), AU
QuadTec 2, (260.0 nm), AU
Gradient Pump,<Not Selected>
QuadTec 3, (550.0 nm), AU
QuadTec 4, (650.0 nm), AU
UV,AU
Conductivity,mS/cm
GP Pressure,<Not Selected>
Volume,ml
Fraction,<Not Available>
Time,QuadTec 1,QuadTec 2,QuadTec 3,QuadTec 4,UV,Conductivity,Volume
     0.0,0.000000,0.000000,0.825802,-0.555498,0.000000,  16.050,     0.0
     1.0,0.000000,0.000000,0.825665,-0.555334,0.000000,  16.054,     0.0
     2.0,0.000023,-0.000003,0.000766,0.000568,0.000000,  16.046,     0.0
     3.0,0.000027,0.000015,0.000147,0.000562,0.000000,  16.045,     0.0
     4.0,0.000027,0.000012,0.000071,0.000772,0.000000,  16.043,     0.0
     5.0,0.000027,0.000022,-0.000039,0.000873,0.000000,  16.041,     0.0
     6.0,0.000041,0.000004,0.000035,0.001121,0.000000,  16.042,     0.1
     7.0,0.000041,0.000015,0.000109,0.000516,0.000000,  16.043,     0.1
     8.0,0.000041,0.000030,0.000071,0.000951,0.000000,  16.047,     0.1
     9.0,0.000041,0.000037,0.000071,0.000625,0.000000,  16.047,     0.1
    10.0,0.000059,0.000037,0.000146,0.000920,0.000000,  16.042,     0.1
    11.0,0.000059,0.000037,0.000146,0.000733,0.000000,  16.047,     0.1
    12.0,0.000077,0.000063,0.000182,0.000920,0.000000,  16.047,     0.1
    13.0,0.000072,0.000056,0.000182,0.000454,0.000000,  16.050,     0.1
    14.0,0.000086,0.000052,0.000146,0.000104,0.000000,  16.058,     0.1
    15.0,0.000099,0.000060,0.000108,0.000407,0.000000,  16.054,     0.1
    16.0,0.000095,0.000071,0.000146,0.000578,0.000000,  16.057,     0.1
    17.0,0.000095,0.000071,0.000182,0.000111,0.000000,  16.061,     0.1
    18.0,0.000099,0.000071,0.000108,0.000764,0.000000,  16.057,     0.2
    19.0,0.000104,0.000078,0.000182,-0.000363,0.000000,  16.058,     0.2
    20.0,0.000113,0.000078,0.000144,0.000764,0.000000,  16.059,     0.2
    21.0,0.000118,0.000070,0.000181,0.000539,0.000000,  16.065,     0.2
    22.0,0.000118,0.000071,0.000144,0.000703,0.000000,  16.059,     0.2
    23.0,0.000118,0.000078,0.000070,0.000757,0.000000,  16.063,     0.2
    24.0,0.000131,0.000081,0.000108,0.000780,0.000000,  16.064,     0.2
    25.0,0.000140,0.000107,0.000144,0.000679,0.000000,  16.061,     0.2
    26.0,0.000127,0.000103,0.000181,0.000842,0.000000,  16.064,     0.2
    27.0,0.000136,0.000103,0.000181,0.000998,0.000000,  16.065,     0.2
    28.0,0.000145,0.000096,0.000182,0.000570,0.000000,  16.066,     0.2
    29.0,0.000145,0.000107,0.000218,0.000726,0.000000,  16.062,     0.2
    30.0,0.000140,0.000114,0.000182,0.000648,0.000000,  16.067,     0.3
    31.0,0.000140,0.000103,0.000256,0.000539,0.000000,  16.062,     0.3
    32.0,0.000136,0.000114,0.000293,0.000454,0.000000,  16.055,     0.3
    33.0,0.000149,0.000129,0.000181,0.000563,0.000000,  16.059,     0.3
    34.0,0.000167,0.000115,0.000218,0.000594,0.000000,  16.067,     0.3
    35.0,0.000154,0.000122,0.000291,0.000509,0.000000,  16.061,     0.3
    36.0,0.000185,0.000169,0.000255,0.000151,0.000000,  16.059,     0.3
    37.0,0.000212,0.000283,0.000255,-0.000457,0.000000,  16.050,     0.3
    38.0,0.000407,0.000382,0.000328,0.000400,0.000000,  16.058,     0.3
    39.0,0.000375,0.000312,0.000583,0.000828,0.000000,  16.063,     0.3
    40.0,0.000298,0.000250,0.000473,0.000835,0.000000,  16.066,     0.3
    41.0,0.000294,0.000221,0.000400,0.000345,0.000000,  16.066,     0.3
    42.0,0.000262,0.000210,0.000290,0.000944,0.000000,  16.066,     0.3
    43.0,0.000249,0.000206,0.000253,0.000703,0.000000,  16.066,     0.4
    44.0,0.000262,0.000217,0.000328,0.000563,0.000000,  16.065,     0.4
    45.0,0.000244,0.000225,0.000328,0.000726,0.000000,  16.065,     0.4
    46.0,0.000262,0.000221,0.000290,0.001059,0.000000,  16.063,     0.4
    47.0,0.000271,0.000243,0.000364,0.001059,0.000000,  16.070,     0.4
    48.0,0.000271,0.000262,0.000326,0.001161,0.000000,  16.072,     0.4
    49.0,0.000303,0.000276,0.000290,0.001928,0.000000,  16.070,     0.4
    50.0,0.000307,0.000277,0.000400,0.001036,0.000000,  16.066,     0.4
    51.0,0.000326,0.000294,0.000364,0.000586,0.000000,  16.070,     0.4
    52.0,0.000330,0.000302,0.000364,0.001114,0.000000,  16.072,     0.4
    53.0,0.000344,0.000316,0.000364,0.001253,0.000000,  16.071,     0.4
    54.0,0.000362,0.000313,0.000364,0.000920,0.000000,  16.067,     0.4
    55.0,0.000362,0.000342,0.000364,0.001222,0.000000,  16.066,     0.5
    56.0,0.000375,0.000346,0.000437,0.001579,0.000000,  16.063,     0.5
    57.0,0.000389,0.000342,0.000437,0.001487,0.000000,  16.065,     0.5
    58.0,0.000411,0.000346,0.000400,0.001029,0.000000,  16.067,     0.5
    59.0,0.000416,0.000357,0.000548,0.001494,0.000000,  16.070,     0.5
    60.0,0.000421,0.000361,0.000473,0.001324,0.000000,  16.065,     0.5
    61.0,0.000407,0.000379,0.000437,0.001517,0.000000,  16.063,     0.5
    62.0,0.000421,0.000368,0.000437,0.000459,0.000000,  16.068,     0.5
    63.0,0.000411,0.000350,0.000510,0.000337,0.000000,  16.059,     0.5
    64.0,0.000411,0.000346,0.000510,0.001083,0.000000,  16.059,     0.5
    65.0,0.000393,0.000335,0.000436,0.000320,0.000000,  16.061,     0.5
    66.0,0.000362,0.000335,0.000510,0.000833,0.000000,  16.055,     0.6
    67.0,0.000371,0.000313,0.000472,0.000972,0.000000,  16.061,     0.6
    68.0,0.000366,0.000291,0.000472,0.000344,0.000000,  16.053,     0.6
    69.0,0.000348,0.000273,0.000583,-0.000232,0.000000,  16.048,     0.6
    70.0,0.000339,0.000287,0.000508,0.000173,0.000000,  16.054,     0.6
    71.0,0.000339,0.000287,0.000472,0.000429,0.000000,  16.051,     0.6
    72.0,0.000339,0.000284,0.000583,0.000819,0.000000,  16.050,     0.6
    73.0,0.000330,0.000265,0.000545,0.000835,0.000000,  16.053,     0.6
    74.0,0.000339,0.000262,0.000545,0.000944,0.000000,  16.049,     0.6
    75.0,0.000344,0.000258,0.000656,0.000974,0.000000,  16.047,     0.6
    76.0,0.000326,0.000240,0.000692,0.000670,0.000000,  16.050,     0.6
    77.0,0.000317,0.000222,0.000692,0.000390,0.000000,  16.052,     0.6
    78.0,0.000326,0.000222,0.000656,0.001090,0.000000,  16.050,     0.7
    79.0,0.000307,0.000221,0.000692,0.000974,0.000000,  16.052,     0.7
    80.0,0.000294,0.000236,0.000692,0.000672,0.000000,  16.048,     0.7
    81.0,0.000307,0.000228,0.000619,0.000811,0.000000,  16.049,     0.7
    82.0,0.000316,0.000225,0.000619,0.000944,0.000000,  16.045,     0.7
    83.0,0.000307,0.000214,0.000693,0.000913,0.000000,  16.041,     0.7
    84.0,0.000307,0.000225,0.000619,0.000400,0.000000,  16.044,     0.7
    85.0,0.000307,0.000225,0.000656,0.000672,0.000000,  16.045,     0.7
    86.0,0.000298,0.000232,0.000766,0.001215,0.000000,  16.038,     0.7
    87.0,0.000312,0.000214,0.000766,0.001270,0.000000,  16.047,     0.7
    88.0,0.000316,0.000207,0.000803,0.001409,0.000000,  16.046,     0.7
    89.0,0.000326,0.000236,0.000692,0.000974,0.000000,  16.045,     0.7
    90.0,0.000339,0.000247,0.000728,0.001130,0.000000,  16.051,     0.8
    91.0,0.000335,0.000247,0.000839,0.000974,0.000000,  16.049,     0.8
    92.0,0.000339,0.000251,0.000876,0.000359,0.000000,  16.053,     0.8
    93.0,0.000357,0.000262,0.000839,0.000056,0.000000,  16.056,     0.8
    94.0,0.000353,0.000265,0.000839,0.000741,0.000000,  16.058,     0.8
    95.0,0.000353,0.000262,0.000727,0.001548,0.000000,  16.059,     0.8
    96.0,0.000353,0.000258,0.000764,0.001107,0.000000,  16.062,     0.8
    97.0,0.000330,0.000233,0.000876,0.000882,0.000000,  16.053,     0.8
    98.0,0.000316,0.000225,0.000912,0.001107,0.000000,  16.062,     0.8
    99.0,0.000316,0.000225,0.000912,0.000882,0.000000,  16.063,     0.8
   100.0,0.000312,0.000193,0.000876,-0.000278,0.000000,  16.058,     0.8
   101.0,0.000312,0.000221,0.000691,-0.000131,0.000000,  16.059,     0.8
   102.0,0.000307,0.000232,0.000838,0.000802,0.000000,  16.069,     0.9
   103.0,0.000294,0.000236,0.000838,0.001300,0.000000,  16.061,     0.9
   104.0,0.000307,0.000232,0.000838,0.000399,0.000000,  16.054,     0.9
   105.0,0.000303,0.000232,0.000801,-0.000286,0.000000,  16.061,     0.9
   106.0,0.000326,0.000240,0.000801,0.000871,0.000000,  16.063,     0.9
   107.0,0.000339,0.000258,0.000838,0.001253,0.000000,  16.062,     0.9
   108.0,0.000362,0.000283,0.000801,0.001246,0.000000,  16.059,     0.9
   109.0,0.000371,0.000295,0.000838,0.001246,0.000000,  16.058,     0.9
   110.0,0.000416,0.000317,0.000948,0.001588,0.000000,  16.062,     0.9
   111.0,0.000470,0.000360,0.000912,0.001643,0.000000,  16.063,     0.9
   112.0,0.000534,0.000405,0.000874,0.001395,0.000000,  16.057,     0.9
   113.0,0.000592,0.000438,0.000984,0.001177,0.000000,  16.057,     0.9
   114.0,0.000678,0.000482,0.000835,0.000929,0.000000,  16.051,     0.9
   115.0,0.000733,0.000523,0.000946,0.001364,0.000000,  16.061,     1.0
   116.0,0.000805,0.000596,0.001132,0.001099,0.000000,  16.058,     1.0
   117.0,0.000887,0.000626,0.001058,0.000717,0.000000,  16.051,     1.0
   118.0,0.000973,0.000681,0.000946,0.001510,0.000000,  16.058,     1.0
   119.0,0.001063,0.000736,0.001058,0.001551,0.000000,  16.045,     1.0
   120.0,0.001154,0.000794,0.001058,0.001163,0.000000,  16.048,     1.0
   121.0,0.001254,0.000854,0.001094,0.000228,0.000000,  16.055,     1.0
   122.0,0.001408,0.000967,0.001131,0.000983,0.000000,  16.053,     1.0
   123.0,0.001539,0.001063,0.001131,0.001513,0.000000,  16.042,     1.0
   124.0,0.001684,0.001141,0.001204,0.001452,0.000000,  16.057,     1.0
   125.0,0.001857,0.001269,0.001166,0.000547,0.000000,  16.055,     1.0
   126.0,0.002029,0.001380,0.001128,0.000983,0.000000,  16.061,     1.1
   127.0,0.002225,0.001497,0.001128,0.001038,0.000000,  16.056,     1.1
   128.0,0.002438,0.001608,0.001275,0.001910,0.000000,  16.057,     1.1
   129.0,0.002638,0.001777,0.001350,0.001920,0.000000,  16.053,     1.1
   130.0,0.002852,0.001903,0.001275,0.002083,0.000000,  16.056,     1.1
   131.0,0.003125,0.002079,0.001348,0.000953,0.000000,  16.060,     1.1
   132.0,0.003448,0.002271,0.001423,0.001641,0.000000,  16.059,     1.1
   133.0,0.003735,0.002467,0.001496,0.002359,0.000000,  16.051,     1.1
   134.0,0.004036,0.002688,0.001569,0.002491,0.000000,  16.056,     1.1
   135.0,0.004438,0.002888,0.001642,0.002913,0.000000,  16.056,     1.1
   136.0,0.004826,0.003168,0.001604,0.002587,0.000000,  16.058,     1.1
   137.0,0.005169,0.003405,0.001604,0.002362,0.000000,  16.062,     1.1
   138.0,0.005604,0.003668,0.001714,0.003087,0.000000,  16.063,     1.1
   139.0,0.006131,0.003960,0.001750,0.003734,0.000000,  16.061,     1.2
   140.0,0.006612,0.004312,0.001934,0.004108,0.000000,  16.057,     1.2
   141.0,0.007122,0.004635,0.001969,0.004180,0.000000,  16.061,     1.2
   142.0,0.007641,0.004976,0.002044,0.004029,0.000000,  16.062,     1.2
   143.0,0.008355,0.005411,0.002153,0.004325,0.000000,  16.067,     1.2
   144.0,0.008918,0.005775,0.002152,0.004440,0.000000,  16.050,     1.2
   145.0,0.009559,0.006177,0.002262,0.004265,0.000000,  16.061,     1.2
   146.0,0.010387,0.006594,0.002297,0.003901,0.000000,  16.064,     1.2
   147.0,0.011077,0.007146,0.002445,0.004997,0.000000,  16.063,     1.2
   148.0,0.011820,0.007587,0.002666,0.004864,0.000000,  16.063,     1.2
   149.0,0.012619,0.008088,0.002812,0.005149,0.000000,  16.063,     1.2
   150.0,0.013658,0.008746,0.002885,0.004918,0.000000,  16.062,     1.3
   151.0,0.014535,0.009278,0.003105,0.005888,0.000000,  16.065,     1.3
   152.0,0.015429,0.009826,0.003362,0.005869,0.000000,  16.065,     1.3
   153.0,0.016592,0.010432,0.003398,0.006035,0.000000,  16.065,     1.3
   154.0,0.017555,0.011135,0.003433,0.007108,0.000000,  16.074,     1.3
   155.0,0.018573,0.011733,0.003691,0.007800,0.000000,  16.073,     1.3
   156.0,0.019664,0.012375,0.003911,0.007904,0.000000,  16.077,     1.3
   157.0,0.020948,0.013112,0.004095,0.008271,0.000000,  16.075,     1.3
   158.0,0.022063,0.013849,0.004425,0.007965,0.000000,  16.077,     1.3
   159.0,0.023230,0.014561,0.004609,0.008094,0.000000,  16.074,     1.3
   160.0,0.024581,0.015272,0.004867,0.008901,0.000000,  16.074,     1.3
   161.0,0.025923,0.016192,0.005125,0.008926,0.000000,  16.064,     1.3
   162.0,0.027244,0.016987,0.005309,0.008754,0.000000,  16.076,     1.4
   163.0,0.028611,0.017786,0.005530,0.009269,0.000000,  16.070,     1.4
   164.0,0.030290,0.018810,0.005751,0.009671,0.000000,  16.068,     1.4
   165.0,0.031728,0.019684,0.006010,0.009588,0.000000,  16.074,     1.4
   166.0,0.033256,0.020580,0.006083,0.009826,0.000000,  16.070,     1.4
   167.0,0.035070,0.021457,0.006231,0.010312,0.000000,  16.073,     1.4
   168.0,0.036563,0.022536,0.006526,0.010254,0.000000,  16.069,     1.4
   169.0,0.038059,0.023368,0.006637,0.010493,0.000000,  16.068,     1.4
   170.0,0.039495,0.024202,0.006822,0.010355,0.000000,  16.068,     1.4
   171.0,0.041245,0.025035,0.006932,0.010053,0.000000,  16.068,     1.4
   172.0,0.042579,0.026000,0.007080,0.010402,0.000000,  16.065,     1.4
   173.0,0.043917,0.026730,0.007265,0.010540,0.000000,  16.068,     1.4
   174.0,0.045243,0.027523,0.007450,0.009805,0.000000,  16.065,     1.5
   175.0,0.046968,0.028400,0.007598,0.009399,0.000000,  16.068,     1.5
   176.0,0.048421,0.029451,0.007672,0.010007,0.000000,  16.063,     1.5
   177.0,0.050049,0.030430,0.007932,0.010417,0.000000,  16.065,     1.5
   178.0,0.052022,0.031701,0.008229,0.011243,0.000000,  16.063,     1.5
   179.0,0.054607,0.033345,0.008377,0.011182,0.000000,  16.062,     1.5
   180.0,0.057105,0.034913,0.008711,0.011287,0.000000,  16.057,     1.5
   181.0,0.059968,0.036654,0.009008,0.011668,0.000000,  16.064,     1.5
   182.0,0.063544,0.038832,0.009379,0.011825,0.000000,  16.062,     1.5
   183.0,0.067308,0.041069,0.009677,0.012148,0.000000,  16.064,     1.5
   184.0,0.070925,0.043161,0.010087,0.011904,0.000000,  16.065,     1.5
   185.0,0.074908,0.045177,0.010496,0.011741,0.000000,  16.061,     1.5
   186.0,0.078591,0.047416,0.010869,0.012039,0.000000,  16.057,     1.6
   187.0,0.081657,0.049031,0.011354,0.011872,0.000000,  16.058,     1.6
   188.0,0.084281,0.050321,0.011691,0.011106,0.000000,  16.065,     1.6
   189.0,0.086634,0.051221,0.011915,0.011491,0.000000,  16.056,     1.6
   190.0,0.087778,0.051754,0.012140,0.011680,0.000000,  16.070,     1.6
   191.0,0.088178,0.051728,0.012327,0.011927,0.000000,  16.070,     1.6
   192.0,0.087900,0.051299,0.012327,0.012061,0.000000,  16.069,     1.6
   193.0,0.086645,0.050498,0.012401,0.012087,0.000000,  16.072,     1.6
   194.0,0.085021,0.049171,0.012177,0.012247,0.000000,  16.068,     1.6
   195.0,0.083043,0.047998,0.012064,0.012193,0.000000,  16.069,     1.6
   196.0,0.081008,0.046845,0.011877,0.012385,0.000000,  16.069,     1.6
   197.0,0.078758,0.045731,0.011653,0.012465,0.000000,  16.070,     1.6
   198.0,0.077623,0.045342,0.011280,0.011959,0.000000,  16.066,     1.6
   199.0,0.077371,0.045590,0.011094,0.011527,0.000000,  16.065,     1.7
   200.0,0.078893,0.046880,0.011056,0.011571,0.000000,  16.056,     1.7
   201.0,0.082133,0.049741,0.011242,0.012036,0.000000,  16.068,     1.7
   202.0,0.087529,0.053584,0.011541,0.011984,0.000000,  16.067,     1.7
   203.0,0.095840,0.058956,0.012102,0.011876,0.000000,  16.067,     1.7
   204.0,0.108500,0.066825,0.012851,0.010990,0.000000,  16.069,     1.7
   205.0,0.121860,0.076098,0.014089,0.010124,0.000000,  16.063,     1.7
   206.0,0.137895,0.086038,0.015406,0.009914,0.000000,  16.061,     1.7
   207.0,0.158273,0.098405,0.016917,0.011138,0.000000,  16.061,     1.7
   208.0,0.180107,0.111227,0.018624,0.011377,0.000000,  16.060,     1.7
   209.0,0.200900,0.123158,0.020451,0.011323,0.000000,  16.058,     1.7
   210.0,0.223925,0.134656,0.022284,0.010942,0.000000,  16.057,     1.8
   211.0,0.245039,0.147037,0.023821,0.010830,0.000000,  16.062,     1.8
   212.0,0.261979,0.155580,0.025593,0.010939,0.000000,  16.057,     1.8
   213.0,0.275787,0.161989,0.026946,0.011342,0.000000,  16.056,     1.8
   214.0,0.287053,0.165943,0.027992,0.011828,0.000000,  16.051,     1.8
   215.0,0.291354,0.167227,0.028734,0.011901,0.000000,  16.051,     1.8
   216.0,0.290912,0.165209,0.029353,0.012224,0.000000,  16.051,     1.8
   217.0,0.285759,0.160754,0.029548,0.012462,0.000000,  16.052,     1.8
   218.0,0.273771,0.154181,0.029318,0.012779,0.000000,  16.051,     1.8
   219.0,0.260478,0.143829,0.028730,0.013729,0.000000,  16.054,     1.8
   220.0,0.244411,0.134401,0.027876,0.013504,0.000000,  16.053,     1.8
   221.0,0.226696,0.124026,0.026678,0.013991,0.000000,  16.051,     1.8
   222.0,0.203664,0.112954,0.025400,0.013083,0.000000,  16.053,     1.9
   223.0,0.185791,0.100690,0.023554,0.013805,0.000000,  16.055,     1.9
   224.0,0.167820,0.091069,0.022020,0.012951,0.000000,  16.052,     1.9
   225.0,0.146979,0.081381,0.020487,0.013097,0.000000,  16.054,     1.9
   226.0,0.132122,0.071322,0.018702,0.013830,0.000000,  16.057,     1.9
   227.0,0.118018,0.063973,0.016918,0.014157,0.000000,  16.056,     1.9
   228.0,0.104802,0.057144,0.015521,0.013590,0.000000,  16.060,     1.9
   229.0,0.091607,0.050451,0.014016,0.012885,0.000000,  16.065,     1.9
   230.0,0.082130,0.044687,0.012664,0.012725,0.000000,  16.059,     1.9
   231.0,0.073453,0.040018,0.011504,0.012161,0.000000,  16.060,     1.9
   232.0,0.064979,0.035506,0.010496,0.012413,0.000000,  16.062,     1.9
   233.0,0.057749,0.031639,0.009454,0.012039,0.000000,  16.063,     1.9
   234.0,0.051940,0.028461,0.008525,0.011530,0.000000,  16.066,     2.0
   235.0,0.046727,0.025695,0.007858,0.011316,0.000000,  16.067,     2.0
   236.0,0.041315,0.022794,0.007191,0.010841,0.000000,  16.061,     2.0
   237.0,0.037376,0.020666,0.006452,0.010743,0.000000,  16.064,     2.0
   238.0,0.033876,0.018774,0.006009,0.010399,0.000000,  16.064,     2.0
   239.0,0.030173,0.017088,0.005603,0.009014,0.000000,  16.066,     2.0
   240.0,0.027470,0.015262,0.005124,0.007716,0.000000,  16.060,     2.0
   241.0,0.025036,0.013998,0.004756,0.008593,0.000000,  16.057,     2.0
   242.0,0.022849,0.012820,0.004425,0.008455,0.000000,  16.062,     2.0
   243.0,0.020459,0.011744,0.004094,0.008296,0.000000,  16.056,     2.0
   244.0,0.018776,0.010573,0.003838,0.007786,0.000000,  16.044,     2.0
   245.0,0.017203,0.009736,0.003544,0.007410,0.000000,  16.052,     2.0
   246.0,0.015808,0.008978,0.003286,0.007558,0.000000,  16.051,     2.0
   247.0,0.014237,0.008237,0.003214,0.007296,0.000000,  16.047,     2.1
   248.0,0.013164,0.007478,0.002957,0.006757,0.000000,  16.047,     2.1
   249.0,0.012117,0.006937,0.002810,0.006199,0.000000,  16.047,     2.1
   250.0,0.011147,0.006416,0.002701,0.006397,0.000000,  16.049,     2.1
   251.0,0.010165,0.005931,0.002591,0.006244,0.000000,  16.047,     2.1
   252.0,0.009439,0.005463,0.002445,0.005348,0.000000,  16.046,     2.1
   253.0,0.008765,0.005085,0.002335,0.005408,0.000000,  16.046,     2.1
   254.0,0.008088,0.004702,0.002225,0.005481,0.000000,  16.049,     2.1
   255.0,0.007494,0.004361,0.002079,0.005154,0.000000,  16.049,     2.1
   256.0,0.006993,0.004072,0.001969,0.005003,0.000000,  16.053,     2.1
   257.0,0.006543,0.003802,0.001933,0.004900,0.000000,  16.055,     2.1
   258.0,0.006025,0.003517,0.001896,0.004827,0.000000,  16.054,     2.2
   259.0,0.005650,0.003309,0.001824,0.004585,0.000000,  16.055,     2.2
   260.0,0.005288,0.003095,0.001788,0.004670,0.000000,  16.057,     2.2
   261.0,0.004909,0.002874,0.001751,0.004506,0.000000,  16.063,     2.2
   262.0,0.004607,0.002664,0.001642,0.004537,0.000000,  16.053,     2.2
   263.0,0.004306,0.002508,0.001384,0.004971,0.000000,  16.061,     2.2
   264.0,0.004073,0.002378,0.001385,0.004700,0.000000,  16.067,     2.2
   265.0,0.003790,0.002260,0.001311,0.004319,0.000000,  16.058,     2.2
   266.0,0.003608,0.002117,0.001424,0.004802,0.000000,  16.064,     2.2
   267.0,0.003394,0.001999,0.001350,0.004887,0.000000,  16.068,     2.2
   268.0,0.003243,0.001918,0.001313,0.004537,0.000000,  16.063,     2.2
   269.0,0.003043,0.001851,0.001275,0.004615,0.000000,  16.062,     2.2
   270.0,0.002938,0.001785,0.001201,0.004567,0.000000,  16.064,     2.3
   271.0,0.002811,0.001715,0.001239,0.004355,0.000000,  16.066,     2.3
   272.0,0.002711,0.001648,0.001277,0.004277,0.000000,  16.063,     2.3
   273.0,0.002575,0.001593,0.001275,0.004252,0.000000,  16.064,     2.3
   274.0,0.002466,0.001535,0.001128,0.003342,0.000000,  16.066,     2.3
   275.0,0.002370,0.001487,0.001202,0.003396,0.000000,  16.064,     2.3
   276.0,0.002284,0.001428,0.001166,0.002121,0.000000,  16.065,     2.3
   277.0,0.002197,0.001377,0.001202,0.002070,0.000000,  16.052,     2.3
   278.0,0.002138,0.001336,0.001166,0.003124,0.000000,  16.067,     2.3
   279.0,0.002057,0.001306,0.001202,0.002818,0.000000,  16.064,     2.3
   280.0,0.001979,0.001255,0.001277,0.002596,0.000000,  16.062,     2.3
   281.0,0.001907,0.001214,0.001130,0.002654,0.000000,  16.069,     2.3
   282.0,0.001843,0.001166,0.001204,0.002672,0.000000,  16.071,     2.3
   283.0,0.001762,0.001144,0.001204,0.003167,0.000000,  16.066,     2.4
   284.0,0.001725,0.001107,0.001093,0.003004,0.000000,  16.068,     2.4
   285.0,0.001671,0.001078,0.001130,0.002709,0.000000,  16.064,     2.4
   286.0,0.001621,0.001041,0.001130,0.002365,0.000000,  16.069,     2.4
   287.0,0.001562,0.001008,0.001094,0.001404,0.000000,  16.069,     2.4
   288.0,0.001521,0.000993,0.001131,0.001835,0.000000,  16.067,     2.4
   289.0,0.001489,0.000956,0.001094,0.002226,0.000000,  16.063,     2.4
   290.0,0.001430,0.000938,0.001167,0.002148,0.000000,  16.067,     2.4
   291.0,0.001394,0.000894,0.001058,0.002257,0.000000,  16.067,     2.4
   292.0,0.001344,0.000865,0.001058,0.002117,0.000000,  16.055,     2.4
   293.0,0.001303,0.000818,0.001021,0.002692,0.000000,  16.054,     2.4
   294.0,0.001240,0.000787,0.000985,0.002770,0.000000,  16.065,     2.5
   295.0,0.001204,0.000766,0.000985,0.002444,0.000000,  16.063,     2.5
   296.0,0.001159,0.000733,0.000948,0.002528,0.000000,  16.063,     2.5
   297.0,0.001100,0.000703,0.000985,0.001622,0.000000,  16.064,     2.5
   298.0,0.001081,0.000663,0.000911,0.002107,0.000000,  16.062,     2.5
   299.0,0.001059,0.000673,0.000948,0.002209,0.000000,  16.061,     2.5
   300.0,0.001041,0.000663,0.000838,0.002403,0.000000,  16.063,     2.5
   301.0,0.001023,0.000666,0.000912,0.002450,0.000000,  16.064,     2.5
   302.0,0.001018,0.000666,0.000800,0.001889,0.000000,  16.064,     2.5
   303.0,0.001018,0.000659,0.000874,0.002131,0.000000,  16.064,     2.5
   304.0,0.001013,0.000666,0.000838,0.000780,0.000000,  16.069,     2.5
   305.0,0.000982,0.000655,0.000912,0.001530,0.000000,  16.064,     2.5
   306.0,0.000973,0.000645,0.000838,0.000741,0.000000,  16.060,     2.5
   307.0,0.000968,0.000641,0.000838,0.001156,0.000000,  16.066,     2.6
   308.0,0.000928,0.000637,0.000838,0.001319,0.000000,  16.062,     2.6
   309.0,0.000923,0.000640,0.000838,0.001893,0.000000,  16.066,     2.6
   310.0,0.000896,0.000637,0.000838,0.001785,0.000000,  16.071,     2.6
   311.0,0.000891,0.000622,0.000912,0.001676,0.000000,  16.074,     2.6
   312.0,0.000896,0.000611,0.000838,0.001839,0.000000,  16.075,     2.6
   313.0,0.000873,0.000626,0.000911,0.001799,0.000000,  16.077,     2.6
   314.0,0.000864,0.000623,0.000874,0.001128,0.000000,  16.073,     2.6
   315.0,0.000851,0.000604,0.000838,0.001883,0.000000,  16.084,     2.6
   316.0,0.000837,0.000608,0.000912,0.002117,0.000000,  16.085,     2.6
   317.0,0.000828,0.000604,0.000912,0.002334,0.000000,  16.081,     2.6
   318.0,0.000810,0.000586,0.001386,0.002148,0.000000,  16.081,     2.7
   319.0,0.000801,0.000589,0.001167,0.002365,0.000000,  16.086,     2.7
   320.0,0.000787,0.000585,0.000948,0.002334,0.000000,  16.085,     2.7
   321.0,0.000774,0.000578,0.000912,0.002046,0.000000,  16.083,     2.7
   322.0,0.000773,0.000578,0.000876,0.001792,0.000000,  16.086,     2.7
   323.0,0.000760,0.000556,0.000765,0.002063,0.000000,  16.085,     2.7
   324.0,0.000746,0.000549,0.000839,0.002419,0.000000,  16.074,     2.7
   325.0,0.000733,0.000549,0.000839,0.002565,0.000000,  16.084,     2.7
   326.0,0.000733,0.000545,0.000765,0.002287,0.000000,  16.080,     2.7
   327.0,0.000724,0.000538,0.000839,0.001659,0.000000,  16.085,     2.7
   328.0,0.000706,0.000538,0.000839,0.001666,0.000000,  16.084,     2.7
   329.0,0.000706,0.000523,0.000803,0.001432,0.000000,  16.083,     2.7
   330.0,0.000692,0.000505,0.000839,0.001159,0.000000,  16.085,     2.8
   331.0,0.000674,0.000516,0.000728,0.001487,0.000000,  16.085,     2.8
   332.0,0.000674,0.000487,0.000765,0.001697,0.000000,  16.085,     2.8
   333.0,0.000669,0.000483,0.000692,0.001388,0.000000,  16.088,     2.8
   334.0,0.000642,0.000493,0.000766,0.001527,0.000000,  16.093,     2.8
   335.0,0.000656,0.000493,0.000803,0.001270,0.000000,  16.096,     2.8
   336.0,0.000651,0.000471,0.000766,0.000327,0.000000,  16.104,     2.8
   337.0,0.000642,0.000468,0.000730,0.001105,0.000000,  16.106,     2.8
   338.0,0.000651,0.000460,0.000730,0.001317,0.000000,  16.110,     2.8
   339.0,0.000642,0.000457,0.000693,0.001650,0.000000,  16.107,     2.8
   340.0,0.000629,0.000460,0.000656,0.001867,0.000000,  16.112,     2.8
   341.0,0.000620,0.000479,0.000840,0.001619,0.000000,  16.112,     2.8
   342.0,0.000624,0.000457,0.000766,0.001215,0.000000,  16.112,     2.8
   343.0,0.000629,0.000457,0.000730,0.001812,0.000000,  16.108,     2.9
   344.0,0.000611,0.000460,0.000693,0.001751,0.000000,  16.109,     2.9
   345.0,0.000602,0.000460,0.000730,0.001812,0.000000,  16.109,     2.9
   346.0,0.000597,0.000446,0.000730,0.001890,0.000000,  16.098,     2.9
   347.0,0.000583,0.000442,0.000730,0.001541,0.000000,  16.092,     2.9
   348.0,0.000579,0.000431,0.000656,0.001650,0.000000,  16.096,     2.9
   349.0,0.000592,0.000431,0.000693,0.001758,0.000000,  16.099,     2.9
   350.0,0.000579,0.000420,0.000657,0.001704,0.000000,  16.091,     2.9
   351.0,0.000570,0.000420,0.000657,0.001897,0.000000,  16.089,     2.9
   352.0,0.000574,0.000409,0.000657,0.001812,0.000000,  16.090,     2.9
   353.0,0.000565,0.000391,0.000619,0.001897,0.000000,  16.085,     2.9
   354.0,0.000534,0.000376,0.000657,0.001595,0.000000,  16.086,     3.0
   355.0,0.000511,0.000373,0.000693,0.001340,0.000000,  16.076,     3.0
   356.0,0.000520,0.000362,0.000693,0.001371,0.000000,  16.069,     3.0
   357.0,0.000511,0.000358,0.000657,0.001704,0.000000,  16.076,     3.0
   358.0,0.000484,0.000351,0.000657,0.000925,0.000000,  16.072,     3.0
   359.0,0.000493,0.000347,0.000657,0.001569,0.000000,  16.071,     3.0
   360.0,0.000493,0.000347,0.000583,0.001640,0.000000,  16.078,     3.0
   361.0,0.000502,0.000358,0.000510,0.000617,0.000000,  16.072,     3.0
   362.0,0.000470,0.000358,0.000620,0.000079,0.000000,  16.078,     3.0
   363.0,0.000457,0.000354,0.000584,0.001105,0.000000,  16.078,     3.0
   364.0,0.000466,0.000347,0.000620,0.000963,0.000000,  16.069,     3.0
   365.0,0.000475,0.000346,0.000620,0.001423,0.000000,  16.073,     3.0
   366.0,0.000470,0.000336,0.000584,0.001517,0.000000,  16.068,     3.0
   367.0,0.000452,0.000329,0.000693,-0.000020,0.000000,  16.073,     3.1
   368.0,0.000457,0.000336,0.000619,0.001270,0.000000,  16.072,     3.1
   369.0,0.000457,0.000328,0.000657,0.001487,0.000000,  16.081,     3.1
   370.0,0.000457,0.000321,0.000620,0.001237,0.000000,  16.077,     3.1
   371.0,0.000448,0.000314,0.000657,0.001244,0.000000,  16.080,     3.1
   372.0,0.000448,0.000310,0.000583,0.000858,0.000000,  16.081,     3.1
   373.0,0.000457,0.000317,0.000583,0.000944,0.000000,  16.075,     3.1
   374.0,0.000461,0.000307,0.000693,0.001650,0.000000,  16.083,     3.1
   375.0,0.000448,0.000299,0.000657,0.001843,0.000000,  16.081,     3.1
   376.0,0.000430,0.000288,0.000619,0.002168,0.000000,  16.086,     3.1
   377.0,0.000448,0.000303,0.000693,0.001812,0.000000,  16.087,     3.1
   378.0,0.000443,0.000310,0.000767,0.001626,0.000000,  16.086,     3.2
   379.0,0.000457,0.000317,0.000693,0.001347,0.000000,  16.085,     3.2
   380.0,0.000452,0.000303,0.000766,0.000610,0.000000,  16.083,     3.2
   381.0,0.000461,0.000299,0.000839,0.001432,0.000000,  16.086,     3.2
   382.0,0.000457,0.000299,0.000839,0.001572,0.000000,  16.085,     3.2
   383.0,0.000448,0.000281,0.000948,0.000987,0.000000,  16.088,     3.2
   384.0,0.000443,0.000277,0.000948,0.001383,0.000000,  16.089,     3.2
   385.0,0.000452,0.000292,0.001058,0.002128,0.000000,  16.090,     3.2
   386.0,0.000425,0.000299,0.001058,0.002138,0.000000,  16.090,     3.2
   387.0,0.000439,0.000281,0.001131,0.000862,0.000000,  16.085,     3.2
   388.0,0.000448,0.000299,0.001204,0.001484,0.000000,  16.083,     3.2
   389.0,0.000461,0.000306,0.001313,0.001873,0.000000,  16.086,     3.2
   390.0,0.000475,0.000303,0.001238,0.001425,0.000000,  16.087,     3.3
   391.0,0.000470,0.000292,0.001459,0.002060,0.000000,  16.086,     3.3
   392.0,0.000475,0.000285,0.001496,0.002114,0.000000,  16.090,     3.3
   393.0,0.000470,0.000271,0.001532,0.001211,0.000000,  16.082,     3.3
   394.0,0.000461,0.000281,0.001605,0.001586,0.000000,  16.088,     3.3
   395.0,0.000493,0.000288,0.001642,0.001928,0.000000,  16.081,     3.3
   396.0,0.000507,0.000307,0.001605,0.001873,0.000000,  16.088,     3.3
   397.0,0.000520,0.000303,0.001605,0.002192,0.000000,  16.079,     3.3
   398.0,0.000529,0.000314,0.001531,0.001782,0.000000,  16.087,     3.3
   399.0,0.000520,0.000303,0.001678,0.001081,0.000000,  16.085,     3.3
   400.0,0.000507,0.000307,0.001605,0.001586,0.000000,  16.079,     3.3
   401.0,0.000516,0.000299,0.001568,0.001517,0.000000,  16.084,     3.3
   402.0,0.000520,0.000321,0.001605,0.001711,0.000000,  16.086,     3.3
   403.0,0.000520,0.000314,0.001569,0.001904,0.000000,  16.082,     3.4
   404.0,0.000516,0.000314,0.001605,0.002219,0.000000,  16.075,     3.4
   405.0,0.000507,0.000317,0.001458,0.000590,0.000000,  16.082,     3.4
   406.0,0.000488,0.000306,0.001421,0.000763,0.000000,  16.088,     3.4
   407.0,0.000479,0.000295,0.001458,0.001887,0.000000,  16.087,     3.4
   408.0,0.000493,0.000292,0.001421,0.001850,0.000000,  16.085,     3.4
   409.0,0.000479,0.000299,0.001348,0.001633,0.000000,  16.082,     3.4
   410.0,0.000493,0.000307,0.001458,0.001175,0.000000,  16.086,     3.4
   411.0,0.000502,0.000296,0.001569,0.001197,0.000000,  16.090,     3.4
   412.0,0.000488,0.000296,0.001532,0.000853,0.000000,  16.086,     3.4
   413.0,0.000493,0.000289,0.001569,0.000674,0.000000,  16.091,     3.4
   414.0,0.000507,0.000278,0.001642,0.001654,0.000000,  16.082,     3.5
   415.0,0.000516,0.000310,0.001642,0.001826,0.000000,  16.093,     3.5
   416.0,0.000525,0.000318,0.001751,0.001951,0.000000,  16.088,     3.5
   417.0,0.000520,0.000310,0.001824,0.002307,0.000000,  16.082,     3.5
   418.0,0.000529,0.000310,0.001861,0.002145,0.000000,  16.087,     3.5
   419.0,0.000543,0.000325,0.001897,0.002307,0.000000,  16.080,     3.5
   420.0,0.000547,0.000322,0.002007,0.001928,0.000000,  16.078,     3.5
   421.0,0.000552,0.000332,0.002080,0.002090,0.000000,  16.081,     3.5
   422.0,0.000579,0.000329,0.002117,0.001423,0.000000,  16.081,     3.5
   423.0,0.000565,0.000325,0.002043,0.001086,0.000000,  16.077,     3.5
   424.0,0.000538,0.000318,0.002153,0.001833,0.000000,  16.078,     3.5
   425.0,0.000538,0.000318,0.002153,0.001873,0.000000,  16.083,     3.5
   426.0,0.000538,0.000325,0.002079,0.001244,0.000000,  16.079,     3.5
   427.0,0.000552,0.000336,0.002153,0.000801,0.000000,  16.076,     3.6
   428.0,0.000556,0.000310,0.002153,0.001562,0.000000,  16.075,     3.6
   429.0,0.000543,0.000310,0.002117,0.002043,0.000000,  16.078,     3.6
   430.0,0.000520,0.000307,0.002080,0.001734,0.000000,  16.078,     3.6
   431.0,0.000507,0.000303,0.002044,0.000916,0.000000,  16.074,     3.6
   432.0,0.000507,0.000285,0.002007,0.001833,0.000000,  16.072,     3.6
   433.0,0.000497,0.000288,0.001971,0.002121,0.000000,  16.079,     3.6
   434.0,0.000502,0.000299,0.001861,0.002145,0.000000,  16.073,     3.6
   435.0,0.000488,0.000284,0.001824,0.002067,0.000000,  16.075,     3.6
   436.0,0.000484,0.000284,0.001751,0.001796,0.000000,  16.071,     3.6
   437.0,0.000488,0.000266,0.001715,0.001687,0.000000,  16.079,     3.6
   438.0,0.000452,0.000277,0.001678,0.001640,0.000000,  16.076,     3.7
   439.0,0.000461,0.000259,0.001605,0.001157,0.000000,  16.079,     3.7
   440.0,0.000461,0.000262,0.001532,0.001477,0.000000,  16.079,     3.7
   441.0,0.000461,0.000262,0.001496,0.001718,0.000000,  16.081,     3.7
   442.0,0.000448,0.000269,0.001459,0.001253,0.000000,  16.080,     3.7
   443.0,0.000443,0.000280,0.001423,0.001253,0.000000,  16.083,     3.7
   444.0,0.000439,0.000284,0.001350,0.001416,0.000000,  16.081,     3.7
   445.0,0.000421,0.000269,0.001387,0.001470,0.000000,  16.083,     3.7
   446.0,0.000430,0.000262,0.001351,0.001524,0.000000,  16.082,     3.7
   447.0,0.000430,0.000258,0.001314,0.000961,0.000000,  16.078,     3.7
   448.0,0.000420,0.000248,0.001204,0.001918,0.000000,  16.082,     3.7
   449.0,0.000420,0.000240,0.001167,0.001911,0.000000,  16.075,     3.7
   450.0,0.000416,0.000251,0.001241,0.002182,0.000000,  16.073,     3.8
   451.0,0.000407,0.000244,0.001167,0.001579,0.000000,  16.081,     3.8
   452.0,0.000398,0.000251,0.001094,0.001850,0.000000,  16.079,     3.8
   453.0,0.000407,0.000237,0.001058,0.001796,0.000000,  16.085,     3.8
   454.0,0.000393,0.000251,0.001094,0.000672,0.000000,  16.080,     3.8
   455.0,0.000384,0.000240,0.001058,0.001602,0.000000,  16.077,     3.8
   456.0,0.000371,0.000247,0.001096,0.001687,0.000000,  16.085,     3.8
   457.0,0.000380,0.000251,0.000948,0.001904,0.000000,  16.075,     3.8
   458.0,0.000389,0.000255,0.000948,0.002006,0.000000,  16.077,     3.8
   459.0,0.000380,0.000233,0.000948,0.001982,0.000000,  16.073,     3.8
   460.0,0.000384,0.000251,0.000948,0.001355,0.000000,  16.072,     3.8
   461.0,0.000384,0.000258,0.000948,0.001711,0.000000,  16.076,     3.8
   462.0,0.000398,0.000251,0.000948,0.002097,0.000000,  16.075,     3.8
   463.0,0.000384,0.000258,0.000948,0.002283,0.000000,  16.070,     3.9
   464.0,0.000362,0.000255,0.000876,0.002500,0.000000,  16.070,     3.9
   465.0,0.000375,0.000248,0.000876,0.002422,0.000000,  16.074,     3.9
   466.0,0.000362,0.000244,0.000803,0.001989,0.000000,  16.072,     3.9
   467.0,0.000357,0.000240,0.000803,0.002036,0.000000,  16.071,     3.9
   468.0,0.000362,0.000248,0.000839,0.001958,0.000000,  16.072,     3.9
   469.0,0.000344,0.000237,0.000803,0.002067,0.000000,  16.073,     3.9
   470.0,0.000353,0.000248,0.000839,0.002307,0.000000,  16.072,     3.9
   471.0,0.000353,0.000233,0.000839,0.002229,0.000000,  16.076,     3.9
   472.0,0.000353,0.000237,0.000877,0.002290,0.000000,  16.068,     3.9
   473.0,0.000344,0.000219,0.000803,0.000777,0.000000,  16.076,     3.9
   474.0,0.000335,0.000211,0.000728,0.000485,0.000000,  16.076,     4.0
   475.0,0.000335,0.000215,0.000803,0.001029,0.000000,  16.073,     4.0
   476.0,0.000326,0.000215,0.000839,0.001463,0.000000,  16.076,     4.0
   477.0,0.000330,0.000214,0.000839,0.001843,0.000000,  16.071,     4.0
   478.0,0.000307,0.000207,0.000803,0.001897,0.000000,  16.072,     4.0
   479.0,0.000321,0.000215,0.000730,0.002043,0.000000,  16.065,     4.0
   480.0,0.000335,0.000226,0.000766,0.001289,0.000000,  16.078,     4.0
   481.0,0.000339,0.000226,0.000730,0.001857,0.000000,  16.074,     4.0
   482.0,0.000339,0.000222,0.000804,0.002145,0.000000,  16.079,     4.0
   483.0,0.000339,0.000215,0.000730,0.001595,0.000000,  16.073,     4.0
   484.0,0.000321,0.000229,0.000730,0.002006,0.000000,  16.081,     4.0
   485.0,0.000321,0.000240,0.000657,0.002145,0.000000,  16.078,     4.0
   486.0,0.000326,0.000240,0.000730,0.002578,0.000000,  16.074,     4.1
   487.0,0.000335,0.000237,0.000693,0.002029,0.000000,  16.076,     4.1
   488.0,0.000344,0.000237,0.000693,0.000110,0.000000,  16.070,     4.1
   489.0,0.000330,0.000244,0.000693,0.000846,0.000000,  16.079,     4.1
   490.0,0.000344,0.000255,0.000657,0.001809,0.000000,  16.074,     4.1
   491.0,0.000339,0.000248,0.000657,0.002121,0.000000,  16.076,     4.1
   492.0,0.000353,0.000244,0.000657,0.002121,0.000000,  16.072,     4.1
   493.0,0.000362,0.000255,0.000657,0.001458,0.000000,  16.072,     4.1
   494.0,0.000362,0.000251,0.000620,0.001515,0.000000,  16.071,     4.1
   495.0,0.000375,0.000258,0.000546,0.001904,0.000000,  16.075,     4.1
   496.0,0.000362,0.000233,0.000620,0.002253,0.000000,  16.074,     4.1
   497.0,0.000339,0.000237,0.000620,0.002283,0.000000,  16.066,     4.1
   498.0,0.000357,0.000226,0.000436,0.001765,0.000000,  16.069,     4.2
   499.0,0.000348,0.000229,0.000695,0.002090,0.000000,  16.070,     4.2
   500.0,0.000335,0.000222,0.000584,0.002222,0.000000,  16.071,     4.2
   501.0,0.000335,0.000225,0.000658,0.002090,0.000000,  16.069,     4.2
   502.0,0.000339,0.000229,0.000473,0.001928,0.000000,  16.071,     4.2
   503.0,0.000330,0.000240,0.000584,0.001958,0.000000,  16.068,     4.2
   504.0,0.000339,0.000226,0.000620,0.002385,0.000000,  16.065,     4.2
   505.0,0.000330,0.000208,0.000546,0.002415,0.000000,  16.069,     4.2
   506.0,0.000335,0.000225,0.000473,0.000991,0.000000,  16.070,     4.2
   507.0,0.000344,0.000233,0.000546,0.001215,0.000000,  16.064,     4.2
   508.0,0.000344,0.000240,0.000546,0.001541,0.000000,  16.073,     4.2
   509.0,0.000357,0.000237,0.000510,0.001487,0.000000,  16.073,     4.2
   510.0,0.000357,0.000240,0.000620,0.001052,0.000000,  16.069,     4.3
   511.0,0.000344,0.000237,0.000620,0.002084,0.000000,  16.069,     4.3
   512.0,0.000339,0.000230,0.000584,0.002469,0.000000,  16.063,     4.3
   513.0,0.000339,0.000219,0.000622,0.002097,0.000000,  16.062,     4.3
   514.0,0.000344,0.000229,0.000548,0.002307,0.000000,  16.058,     4.3
   515.0,0.000344,0.000237,0.000584,0.001428,0.000000,  16.059,     4.3
   516.0,0.000344,0.000244,0.000658,0.002158,0.000000,  16.059,     4.3
   517.0,0.000348,0.000259,0.000584,0.002111,0.000000,  16.058,     4.3
   518.0,0.000362,0.000233,0.000658,0.001908,0.000000,  16.057,     4.3
   519.0,0.000375,0.000248,0.000622,0.001958,0.000000,  16.067,     4.3
   520.0,0.000353,0.000244,0.000548,0.002415,0.000000,  16.059,     4.3
   521.0,0.000357,0.000241,0.000696,0.002740,0.000000,  16.069,     4.3
   522.0,0.000371,0.000219,0.000696,0.002415,0.000000,  16.065,     4.3
   523.0,0.000357,0.000230,0.000622,0.002277,0.000000,  16.063,     4.4
   524.0,0.000339,0.000248,0.000548,0.001227,0.000000,  16.062,     4.4
   525.0,0.000339,0.000252,0.000620,0.000220,0.000000,  16.065,     4.4
   526.0,0.000357,0.000255,0.000620,0.001277,0.000000,  16.063,     4.4
   527.0,0.000366,0.000248,0.000584,0.002168,0.000000,  16.066,     4.4
   528.0,0.000357,0.000248,0.000622,0.002524,0.000000,  16.072,     4.4
   529.0,0.000357,0.000248,0.000658,0.001482,0.000000,  16.065,     4.4
   530.0,0.000344,0.000233,0.000584,0.001621,0.000000,  16.066,     4.4
   531.0,0.000326,0.000229,0.000622,0.000072,0.000000,  16.061,     4.4
   532.0,0.000312,0.000200,0.000622,0.001392,0.000000,  16.068,     4.4
   533.0,0.000294,0.000190,0.000511,0.001150,0.000000,  16.065,     4.4
   534.0,0.000285,0.000197,0.000475,0.001444,0.000000,  16.065,     4.4
   535.0,0.000294,0.000204,0.000400,0.001826,0.000000,  16.064,     4.5
   536.0,0.000307,0.000200,0.000400,0.000779,0.000000,  16.067,     4.5
   537.0,0.000294,0.000171,0.000326,0.001786,0.000000,  16.073,     4.5
   538.0,0.000280,0.000171,0.000364,0.001989,0.000000,  16.066,     4.5
   539.0,0.000285,0.000182,0.000400,0.001982,0.000000,  16.069,     4.5
   540.0,0.000285,0.000171,0.000400,0.002222,0.000000,  16.070,     4.5
   541.0,0.000262,0.000164,0.000438,0.002199,0.000000,  16.068,     4.5
   542.0,0.000253,0.000150,0.000438,0.002090,0.000000,  16.070,     4.5
   543.0,0.000240,0.000139,0.000438,0.002229,0.000000,  16.068,     4.5
   544.0,0.000240,0.000139,0.000438,0.001897,0.000000,  16.058,     4.5
   545.0,0.000226,0.000121,0.000475,0.000719,0.000000,  16.071,     4.5
   546.0,0.000235,0.000146,0.000438,0.001541,0.000000,  16.064,     4.6
   547.0,0.000244,0.000164,0.000364,0.002175,0.000000,  16.064,     4.6
   548.0,0.000262,0.000186,0.000400,0.002253,0.000000,  16.065,     4.6
   549.0,0.000258,0.000204,0.000438,0.002307,0.000000,  16.067,     4.6
   550.0,0.000249,0.000218,0.000438,0.002337,0.000000,  16.068,     4.6
   551.0,0.000276,0.000236,0.000438,0.001843,0.000000,  16.072,     4.6
   552.0,0.000303,0.000262,0.000402,0.002006,0.000000,  16.069,     4.6
   553.0,0.000321,0.000287,0.000402,0.002138,0.000000,  16.067,     4.6
   554.0,0.000334,0.000294,0.000402,0.002006,0.000000,  16.072,     4.6
   555.0,0.000353,0.000272,0.000402,0.002090,0.000000,  16.069,     4.6
   556.0,0.000348,0.000255,0.000476,0.001025,0.000000,  16.073,     4.6
   557.0,0.000339,0.000240,0.000512,0.001043,0.000000,  16.067,     4.6
   558.0,0.000330,0.000229,0.000438,0.001958,0.000000,  16.075,     4.7
   559.0,0.000334,0.000211,0.000402,0.000954,0.000000,  16.072,     4.7
   560.0,0.000312,0.000218,0.000402,0.001461,0.000000,  16.071,     4.7
   561.0,0.000294,0.000207,0.000365,0.001059,0.000000,  16.069,     4.7
   562.0,0.000289,0.000211,0.000438,0.001819,0.000000,  16.069,     4.7
   563.0,0.000276,0.000215,0.000402,0.002385,0.000000,  16.070,     4.7
   564.0,0.000307,0.000229,0.000328,0.001836,0.000000,  16.071,     4.7
   565.0,0.000321,0.000230,0.000438,0.000916,0.000000,  16.074,     4.7
   566.0,0.000321,0.000201,0.000402,0.000516,0.000000,  16.074,     4.7
   567.0,0.000312,0.000201,0.000511,0.001633,0.000000,  16.073,     4.7
   568.0,0.000312,0.000193,0.000438,0.001432,0.000000,  16.075,     4.7
   569.0,0.000276,0.000186,0.000438,0.001664,0.000000,  16.069,     4.7
   570.0,0.000289,0.000190,0.000438,0.001428,0.000000,  16.076,     4.8
   571.0,0.000289,0.000164,0.000402,0.002260,0.000000,  16.080,     4.8
   572.0,0.000276,0.000172,0.000402,0.001803,0.000000,  16.078,     4.8
   573.0,0.000271,0.000183,0.000328,0.001404,0.000000,  16.084,     4.8
   574.0,0.000262,0.000186,0.000402,0.002145,0.000000,  16.083,     4.8
   575.0,0.000262,0.000190,0.000365,0.001880,0.000000,  16.082,     4.8
   576.0,0.000276,0.000193,0.000402,0.002307,0.000000,  16.081,     4.8
   577.0,0.000280,0.000175,0.000365,0.002392,0.000000,  16.082,     4.8
   578.0,0.000276,0.000186,0.000403,0.002307,0.000000,  16.083,     4.8
   579.0,0.000285,0.000197,0.000365,0.002385,0.000000,  16.082,     4.8
   580.0,0.000294,0.000197,0.000329,0.002145,0.000000,  16.084,     4.8
   581.0,0.000289,0.000204,0.000367,0.001524,0.000000,  16.080,     4.8
   582.0,0.000285,0.000204,0.000403,0.001819,0.000000,  16.081,     4.8
   583.0,0.000289,0.000215,0.000329,0.001572,0.000000,  16.085,     4.9
   584.0,0.000307,0.000219,0.000402,0.000556,0.000000,  16.081,     4.9
   585.0,0.000307,0.000212,0.000438,0.001704,0.000000,  16.092,     4.9
   586.0,0.000307,0.000204,0.000329,0.001650,0.000000,  16.086,     4.9
   587.0,0.000298,0.000208,0.000291,0.001734,0.000000,  16.085,     4.9
   588.0,0.000294,0.000208,0.000403,0.001843,0.000000,  16.096,     4.9
   589.0,0.000280,0.000197,0.000329,0.001239,0.000000,  16.090,     4.9
   590.0,0.000276,0.000197,0.000329,0.000428,0.000000,  16.090,     4.9
   591.0,0.000276,0.000200,0.000293,0.001616,0.000000,  16.099,     4.9
   592.0,0.000271,0.000200,0.000329,0.001470,0.000000,  16.092,     4.9
   593.0,0.000280,0.000207,0.000329,0.002043,0.000000,  16.096,     4.9
   594.0,0.000285,0.000204,0.000293,0.002097,0.000000,  16.097,     4.9
   595.0,0.000285,0.000218,0.000329,0.002067,0.000000,  16.092,     5.0
   596.0,0.000276,0.000204,0.000329,0.002236,0.000000,  16.097,     5.0
   597.0,0.000276,0.000189,0.000293,0.002199,0.000000,  16.086,     5.0
   598.0,0.000271,0.000189,0.000255,0.002253,0.000000,  16.092,     5.0
   599.0,0.000289,0.000207,0.000329,0.002283,0.000000,  16.090,     5.0
   600.0,0.000294,0.000200,0.000293,0.002415,0.000000,  16.097,     5.0
   601.0,0.000285,0.000193,0.000329,0.000525,0.000000,  16.094,     5.0
   602.0,0.000294,0.000219,0.000329,0.001782,0.000000,  16.091,     5.0
   603.0,0.000303,0.000216,0.000329,0.002145,0.000000,  16.094,     5.0
   604.0,0.000312,0.000233,0.000403,0.001187,0.000000,  16.089,     5.0
   605.0,0.000326,0.000233,0.000255,0.001965,0.000000,  16.089,     5.0
   606.0,0.000298,0.000244,0.000218,0.001904,0.000000,  16.089,     5.1
   607.0,0.000307,0.000208,0.000329,0.002012,0.000000,  16.088,     5.1
   608.0,0.000298,0.000215,0.000329,0.001803,0.000000,  16.087,     5.1
   609.0,0.000271,0.000207,0.000144,0.001880,0.000000,  16.090,     5.1
   610.0,0.000262,0.000207,0.000144,0.001741,0.000000,  16.088,     5.1
   611.0,0.000285,0.000193,0.000218,0.001468,0.000000,  16.089,     5.1
   612.0,0.000280,0.000196,0.000182,0.001491,0.000000,  16.085,     5.1
   613.0,0.000280,0.000193,0.000256,0.001694,0.000000,  16.083,     5.1
   614.0,0.000262,0.000186,0.000293,0.001904,0.000000,  16.092,     5.1
   615.0,0.000276,0.000182,0.000256,0.000978,0.000000,  16.088,     5.1
   616.0,0.000258,0.000175,0.000220,0.000489,0.000000,  16.084,     5.1
   617.0,0.000258,0.000179,0.000146,0.000125,0.000000,  16.090,     5.1
   618.0,0.000258,0.000175,0.000182,0.001244,0.000000,  16.090,     5.2
   619.0,0.000271,0.000186,0.000146,0.001633,0.000000,  16.090,     5.2
   620.0,0.000294,0.000186,0.000293,0.002090,0.000000,  16.089,     5.2
   621.0,0.000280,0.000182,0.000218,0.001958,0.000000,  16.088,     5.2
   622.0,0.000253,0.000146,0.000293,0.000703,0.000000,  16.092,     5.2
   623.0,0.000262,0.000157,0.000181,0.000591,0.000000,  16.091,     5.2
   624.0,0.000262,0.000157,0.000293,0.000982,0.000000,  16.090,     5.2
   625.0,0.000244,0.000150,0.000182,0.001633,0.000000,  16.084,     5.2
   626.0,0.000231,0.000160,0.000256,0.002090,0.000000,  16.085,     5.2
   627.0,0.000240,0.000149,0.000293,0.001602,0.000000,  16.081,     5.2
   628.0,0.000253,0.000153,0.000220,0.000501,0.000000,  16.085,     5.2
   629.0,0.000253,0.000175,0.000220,0.001734,0.000000,  16.083,     5.2
