Run Name,20220915_dsnPPR10_1Cy3_2AF_30Delay
Run Date,05:06:23 PM   09-16-22
Method Name,0.5 ml / min 100 uL inject 4WL FRET
Export Format Version, 1.00
Method ID,  925
Points/Second, 1.00
Number of Records,    633
Offset from Run Start Time,00:00:00
Run End Time,00:10:36
Time,Second
QuadTec 1, (280.0 nm), AU
QuadTec 2, (260.0 nm), AU
Gradient Pump,<Not Selected>
QuadTec 3, (550.0 nm), AU
QuadTec 4, (650.0 nm), AU
UV,AU
Conductivity,mS/cm
GP Pressure,<Not Selected>
Volume,ml
Fraction,<Not Available>
Time,QuadTec 1,QuadTec 2,QuadTec 3,QuadTec 4,UV,Conductivity,Volume
     0.0,0.000000,0.000000,-0.062921,0.000000,1.010899,  17.941,     0.0
     1.0,-0.000269,-0.000325,0.000000,-0.000794,1.010978,  17.941,     0.0
     2.0,-0.000551,-0.000561,-0.000170,-0.000679,1.019533,  17.939,     0.0
     3.0,-0.000764,-0.000731,-0.000340,-0.001544,1.026118,  17.939,     0.0
     4.0,-0.001012,-0.001046,-0.000849,-0.001728,1.024708,  17.937,     0.0
     5.0,-0.001541,-0.001439,-0.000849,-0.002167,1.019093,  17.933,     0.0
     6.0,-0.001921,-0.001771,-0.001357,-0.002436,1.018320,  17.937,     0.1
     7.0,-0.002393,-0.002214,-0.001865,-0.003058,1.019816,  17.931,     0.1
     8.0,-0.002708,-0.002547,-0.002203,-0.003058,1.021196,  17.935,     0.1
     9.0,-0.002876,-0.002701,-0.002293,-0.003143,1.018845,  17.931,     0.1
    10.0,-0.003201,-0.003114,-0.002541,-0.004019,1.020308,  17.933,     0.1
    11.0,-0.003649,-0.003470,-0.002710,-0.003666,1.021740,  17.932,     0.1
    12.0,-0.003883,-0.003685,-0.003048,-0.004104,1.018525,  17.936,     0.1
    13.0,-0.004185,-0.003971,-0.003385,-0.004723,1.015881,  17.935,     0.1
    14.0,-0.004544,-0.004302,-0.003385,-0.004286,1.012628,  17.941,     0.1
    15.0,-0.005013,-0.004739,-0.003890,-0.004808,1.013235,  17.940,     0.1
    16.0,-0.005391,-0.005021,-0.004148,-0.005693,1.019484,  17.938,     0.1
    17.0,-0.005570,-0.005291,-0.004227,-0.005426,1.019267,  17.939,     0.1
    18.0,-0.005868,-0.005576,-0.004564,-0.005863,1.019697,  17.938,     0.2
    19.0,-0.006336,-0.005981,-0.004900,-0.006139,1.021737,  17.935,     0.2
    20.0,-0.006670,-0.006353,-0.005068,-0.006479,1.022814,  17.946,     0.2
    21.0,-0.006902,-0.006555,-0.005403,-0.005873,1.022357,  17.946,     0.2
    22.0,-0.007455,-0.007101,-0.005739,-0.006830,1.020424,  17.944,     0.2
    23.0,-0.007966,-0.007521,-0.006242,-0.007350,1.017821,  17.946,     0.2
    24.0,-0.008176,-0.007815,-0.006577,-0.007530,1.016124,  17.945,     0.2
    25.0,-0.008552,-0.008277,-0.006744,-0.007624,1.013005,  17.946,     0.2
    26.0,-0.008807,-0.008428,-0.006911,-0.007274,1.014073,  17.945,     0.2
    27.0,-0.009072,-0.008630,-0.007245,-0.007624,1.019541,  17.947,     0.2
    28.0,-0.009602,-0.009333,-0.007490,-0.008747,1.020488,  17.940,     0.2
    29.0,-0.010285,-0.009768,-0.007746,-0.009104,1.015578,  17.944,     0.2
    30.0,-0.011110,-0.010762,-0.008747,-0.009367,1.015185,  17.943,     0.3
    31.0,-0.011946,-0.011852,-0.009080,-0.010233,1.011528,  17.947,     0.3
    32.0,-0.012603,-0.012426,-0.009579,-0.010927,1.012946,  17.948,     0.3
    33.0,-0.012876,-0.012792,-0.009911,-0.011274,1.016216,  17.949,     0.3
    34.0,-0.013282,-0.013362,-0.010422,-0.011535,1.019716,  17.946,     0.3
    35.0,-0.013774,-0.013669,-0.010498,-0.011620,1.020399,  17.945,     0.3
    36.0,-0.014222,-0.014109,-0.011161,-0.012052,1.022656,  17.948,     0.3
    37.0,-0.013237,-0.013364,-0.010830,-0.010587,1.023340,  17.947,     0.3
    38.0,-0.009040,-0.009350,-0.007168,-0.007624,1.021778,  17.943,     0.3
    39.0,-0.008718,-0.008698,-0.006498,-0.007624,1.016180,  17.947,     0.3
    40.0,-0.009040,-0.008747,-0.007168,-0.007973,1.016534,  17.944,     0.3
    41.0,-0.009305,-0.008547,-0.007836,-0.008407,1.014598,  17.953,     0.3
    42.0,-0.010375,-0.009419,-0.009169,-0.009452,1.014948,  17.950,     0.3
    43.0,-0.011869,-0.011371,-0.010000,-0.010842,1.016399,  17.952,     0.4
    44.0,-0.013578,-0.012942,-0.010996,-0.011882,1.018875,  17.952,     0.4
    45.0,-0.014626,-0.014136,-0.011734,-0.012488,1.015777,  17.952,     0.4
    46.0,-0.015541,-0.015365,-0.012395,-0.013179,1.017307,  17.953,     0.4
    47.0,-0.016475,-0.016205,-0.013055,-0.014038,1.019608,  17.953,     0.4
    48.0,-0.017103,-0.016881,-0.013714,-0.013953,1.018996,  17.955,     0.4
    49.0,-0.017657,-0.017522,-0.014043,-0.015240,1.017615,  17.950,     0.4
    50.0,-0.018327,-0.018080,-0.014536,-0.015413,1.018397,  17.950,     0.4
    51.0,-0.018694,-0.018482,-0.014954,-0.015413,1.019160,  17.949,     0.4
    52.0,-0.019170,-0.018989,-0.015774,-0.016357,1.014781,  17.940,     0.4
    53.0,-0.019838,-0.019570,-0.015774,-0.016614,1.012833,  17.938,     0.4
    54.0,-0.020312,-0.019978,-0.016340,-0.017383,1.018536,  17.929,     0.4
    55.0,-0.020797,-0.020500,-0.016831,-0.017470,1.021457,  17.937,     0.5
    56.0,-0.021302,-0.020973,-0.016504,-0.017385,1.019109,  17.935,     0.5
    57.0,-0.019494,-0.019668,-0.015521,-0.016014,1.016378,  17.933,     0.5
    58.0,-0.019116,-0.018842,-0.015193,-0.016014,1.013792,  17.938,     0.5
    59.0,-0.018890,-0.018851,-0.015357,-0.016014,1.014159,  17.940,     0.5
    60.0,-0.018964,-0.018891,-0.015521,-0.015586,1.017058,  17.937,     0.5
    61.0,-0.019364,-0.019382,-0.015849,-0.016272,1.020358,  17.935,     0.5
    62.0,-0.019634,-0.019545,-0.016013,-0.016614,1.016585,  17.930,     0.5
    63.0,-0.019925,-0.019815,-0.016340,-0.017042,1.013844,  17.927,     0.5
    64.0,-0.020495,-0.020492,-0.016831,-0.017213,1.011440,  17.927,     0.5
    65.0,-0.020785,-0.020721,-0.016667,-0.017213,1.009971,  17.920,     0.5
    66.0,-0.021000,-0.020867,-0.016994,-0.018066,1.014658,  17.920,     0.5
    67.0,-0.021430,-0.021413,-0.017157,-0.018236,1.018921,  17.922,     0.6
    68.0,-0.021644,-0.021559,-0.017484,-0.018321,1.021580,  17.920,     0.6
    69.0,-0.021784,-0.021714,-0.017973,-0.018577,1.021602,  17.917,     0.6
    70.0,-0.022192,-0.022185,-0.018136,-0.018748,1.019179,  17.914,     0.6
    71.0,-0.022534,-0.022404,-0.018389,-0.019259,1.018793,  17.916,     0.6
    72.0,-0.022824,-0.022680,-0.019040,-0.019769,1.020304,  17.911,     0.6
    73.0,-0.023305,-0.023328,-0.019113,-0.020024,1.018086,  17.910,     0.6
    74.0,-0.023507,-0.023393,-0.019438,-0.020279,1.018377,  17.918,     0.6
    75.0,-0.023785,-0.023531,-0.020015,-0.020704,1.018621,  17.923,     0.6
    76.0,-0.024265,-0.024114,-0.020177,-0.020787,1.017080,  17.920,     0.6
    77.0,-0.024500,-0.024284,-0.020339,-0.020872,1.013376,  17.923,     0.6
    78.0,-0.024670,-0.024454,-0.020736,-0.020872,1.016230,  17.926,     0.6
    79.0,-0.025096,-0.024946,-0.020898,-0.021126,1.020664,  17.925,     0.7
    80.0,-0.025490,-0.025196,-0.021060,-0.021550,1.020967,  17.923,     0.7
    81.0,-0.025916,-0.025576,-0.021707,-0.022226,1.017220,  17.926,     0.7
    82.0,-0.026223,-0.026010,-0.022119,-0.021971,1.017805,  17.930,     0.7
    83.0,-0.026435,-0.026139,-0.021958,-0.022396,1.019635,  17.922,     0.7
    84.0,-0.026955,-0.026396,-0.022514,-0.023242,1.019316,  17.921,     0.7
    85.0,-0.027283,-0.026911,-0.022675,-0.023324,1.019700,  17.929,     0.7
    86.0,-0.027538,-0.027192,-0.023159,-0.022986,1.020008,  17.926,     0.7
    87.0,-0.028077,-0.027626,-0.023481,-0.023831,1.018815,  17.931,     0.7
    88.0,-0.028405,-0.028075,-0.023803,-0.024419,1.018934,  17.925,     0.7
    89.0,-0.028870,-0.028452,-0.024053,-0.024419,1.017409,  17.925,     0.7
    90.0,-0.029386,-0.029004,-0.024606,-0.025006,1.018161,  17.917,     0.8
    91.0,-0.029502,-0.029243,-0.024606,-0.025087,1.015064,  17.923,     0.8
    92.0,-0.029755,-0.029355,-0.024767,-0.025257,1.014497,  17.925,     0.8
    93.0,-0.030323,-0.029810,-0.025408,-0.025678,1.016454,  17.919,     0.8
    94.0,-0.030554,-0.030169,-0.025569,-0.026098,1.020157,  17.920,     0.8
    95.0,-0.030807,-0.030361,-0.025729,-0.026348,1.018602,  17.921,     0.8
    96.0,-0.031174,-0.030759,-0.026209,-0.026513,1.017319,  17.921,     0.8
    97.0,-0.031415,-0.031053,-0.026369,-0.026847,1.016010,  17.915,     0.8
    98.0,-0.031740,-0.031300,-0.026708,-0.026932,1.014628,  17.914,     0.8
    99.0,-0.032065,-0.031634,-0.026848,-0.027351,1.015678,  17.916,     0.8
   100.0,-0.032233,-0.031857,-0.027168,-0.027600,1.016578,  17.916,     0.8
   101.0,-0.032651,-0.032063,-0.027168,-0.027934,1.015919,  17.915,     0.8
   102.0,-0.033122,-0.032579,-0.028054,-0.028686,1.018280,  17.905,     0.8
   103.0,-0.033425,-0.032983,-0.028214,-0.028771,1.020036,  17.915,     0.9
   104.0,-0.033727,-0.033260,-0.028532,-0.028352,1.016371,  17.915,     0.9
   105.0,-0.034134,-0.033640,-0.028850,-0.029026,1.013679,  17.910,     0.9
   106.0,-0.034374,-0.034028,-0.028850,-0.029026,1.019505,  17.912,     0.9
   107.0,-0.034645,-0.034138,-0.028920,-0.028352,1.022925,  17.914,     0.9
   108.0,-0.034821,-0.034399,-0.028920,-0.028104,1.021719,  17.908,     0.9
   109.0,-0.034988,-0.034675,-0.029079,-0.028274,1.015858,  17.909,     0.9
   110.0,-0.035570,-0.034967,-0.029396,-0.028189,1.011770,  17.907,     0.9
   111.0,-0.035809,-0.035361,-0.029873,-0.028019,1.017258,  17.906,     0.9
   112.0,-0.035954,-0.035708,-0.029873,-0.027934,1.018789,  17.908,     0.9
   113.0,-0.036411,-0.036062,-0.030031,-0.028274,1.019222,  17.899,     0.9
   114.0,-0.036670,-0.036440,-0.030507,-0.027941,1.020633,  17.908,     0.9
   115.0,-0.036805,-0.036644,-0.030348,-0.027436,1.020909,  17.906,     1.0
   116.0,-0.037188,-0.036950,-0.030823,-0.027017,1.018790,  17.912,     1.0
   117.0,-0.037426,-0.037233,-0.030981,-0.026683,1.013466,  17.909,     1.0
   118.0,-0.037715,-0.037578,-0.031140,-0.026433,1.014265,  17.913,     1.0
   119.0,-0.038170,-0.037970,-0.031614,-0.025848,1.013945,  17.913,     1.0
   120.0,-0.038511,-0.038400,-0.031930,-0.025347,1.014873,  17.914,     1.0
   121.0,-0.038831,-0.038838,-0.032245,-0.025512,1.016428,  17.914,     1.0
   122.0,-0.039418,-0.039291,-0.032245,-0.025933,1.014661,  17.908,     1.0
   123.0,-0.039716,-0.039712,-0.032876,-0.025938,1.016329,  17.910,     1.0
   124.0,-0.039953,-0.040040,-0.032965,-0.025768,1.018054,  17.913,     1.0
   125.0,-0.040354,-0.040391,-0.033438,-0.026353,1.017315,  17.912,     1.0
   126.0,-0.040693,-0.040749,-0.033506,-0.026098,1.017534,  17.913,     1.0
   127.0,-0.040806,-0.040943,-0.033663,-0.026768,1.014333,  17.916,     1.1
   128.0,-0.041155,-0.041293,-0.034134,-0.027358,1.014927,  17.912,     1.1
   129.0,-0.041882,-0.041868,-0.034762,-0.028026,1.016536,  17.913,     1.1
   130.0,-0.042312,-0.042489,-0.035076,-0.028523,1.018802,  17.913,     1.1
   131.0,-0.039026,-0.041083,-0.033033,-0.027102,1.022569,  17.913,     1.1
   132.0,-0.030555,-0.034075,-0.025248,-0.019429,1.019861,  17.909,     1.1
   133.0,-0.027802,-0.029204,-0.022837,-0.016953,1.013527,  17.916,     1.1
   134.0,-0.026617,-0.027955,-0.021383,-0.015495,1.007906,  17.915,     1.1
   135.0,-0.025704,-0.027249,-0.020809,-0.015325,1.007863,  17.920,     1.1
   136.0,-0.025406,-0.026743,-0.020647,-0.014641,1.011617,  17.920,     1.1
   137.0,-0.025534,-0.026831,-0.020898,-0.014811,1.011992,  17.920,     1.1
   138.0,-0.025630,-0.026952,-0.021222,-0.015243,1.016071,  17.920,     1.1
   139.0,-0.025799,-0.027177,-0.021132,-0.014985,1.017347,  17.924,     1.2
   140.0,-0.026044,-0.027418,-0.021222,-0.014981,1.014902,  17.920,     1.2
   141.0,-0.026192,-0.027530,-0.021545,-0.015240,1.009840,  17.927,     1.2
   142.0,-0.026511,-0.027915,-0.021868,-0.015669,1.012585,  17.923,     1.2
   143.0,-0.027189,-0.028620,-0.022353,-0.015842,1.016406,  17.923,     1.2
   144.0,-0.027623,-0.028940,-0.022514,-0.016355,1.017967,  17.925,     1.2
   145.0,-0.028004,-0.029387,-0.022747,-0.017210,1.019115,  17.925,     1.2
   146.0,-0.028470,-0.029930,-0.023570,-0.017212,1.016884,  17.924,     1.2
   147.0,-0.028860,-0.030265,-0.023803,-0.017724,1.015503,  17.925,     1.2
   148.0,-0.029102,-0.030552,-0.023714,-0.018066,1.011691,  17.926,     1.2
   149.0,-0.029524,-0.030998,-0.024285,-0.018662,1.013945,  17.926,     1.2
   150.0,-0.029903,-0.031356,-0.024606,-0.018492,1.018433,  17.924,     1.3
   151.0,-0.030355,-0.031944,-0.024998,-0.019089,1.022281,  17.925,     1.3
   152.0,-0.030734,-0.032270,-0.025408,-0.019429,1.020502,  17.925,     1.3
   153.0,-0.031091,-0.032571,-0.025729,-0.019344,1.017653,  17.914,     1.3
   154.0,-0.031416,-0.032967,-0.026049,-0.020364,1.017189,  17.921,     1.3
   155.0,-0.031961,-0.033514,-0.026529,-0.021127,1.023939,  17.920,     1.3
   156.0,-0.032244,-0.033759,-0.026599,-0.020703,1.021743,  17.917,     1.3
   157.0,-0.032484,-0.033957,-0.027008,-0.021042,1.020205,  17.917,     1.3
   158.0,-0.032777,-0.034296,-0.027168,-0.021042,1.018256,  17.913,     1.3
   159.0,-0.033300,-0.034715,-0.027327,-0.021551,1.018130,  17.911,     1.3
   160.0,-0.034947,-0.035889,-0.028761,-0.022901,1.015368,  17.914,     1.3
   161.0,-0.037084,-0.038510,-0.030665,-0.024756,1.011786,  17.906,     1.3
   162.0,-0.038841,-0.040157,-0.032088,-0.026353,1.018807,  17.905,     1.4
   163.0,-0.040303,-0.042109,-0.033259,-0.027187,1.022057,  17.906,     1.4
   164.0,-0.041278,-0.043186,-0.034134,-0.028019,1.018624,  17.907,     1.4
   165.0,-0.041882,-0.043757,-0.034605,-0.028693,1.019794,  17.908,     1.4
   166.0,-0.042517,-0.044622,-0.035076,-0.029119,1.022661,  17.914,     1.4
   167.0,-0.042966,-0.045069,-0.035389,-0.028615,1.017844,  17.908,     1.4
   168.0,-0.043629,-0.045654,-0.035948,-0.029281,1.016115,  17.909,     1.4
   169.0,-0.044302,-0.046454,-0.036417,-0.029444,1.016096,  17.910,     1.4
   170.0,-0.044678,-0.046976,-0.036729,-0.028941,1.012229,  17.911,     1.4
   171.0,-0.045177,-0.047275,-0.036952,-0.028933,1.011069,  17.924,     1.4
   172.0,-0.045695,-0.047973,-0.037420,-0.029444,1.010085,  17.919,     1.4
   173.0,-0.045817,-0.048210,-0.037264,-0.028863,1.009270,  17.919,     1.4
   174.0,-0.045918,-0.048371,-0.037264,-0.028445,1.014268,  17.923,     1.4
   175.0,-0.046222,-0.048723,-0.037732,-0.028189,1.017431,  17.921,     1.5
   176.0,-0.046445,-0.049066,-0.037732,-0.027770,1.020448,  17.916,     1.5
   177.0,-0.046667,-0.049294,-0.037888,-0.027187,1.019612,  17.911,     1.5
   178.0,-0.046981,-0.049753,-0.037888,-0.026938,1.020684,  17.909,     1.5
   179.0,-0.047123,-0.049935,-0.037732,-0.026524,1.019948,  17.905,     1.5
   180.0,-0.047255,-0.050118,-0.037420,-0.025177,1.016159,  17.902,     1.5
   181.0,-0.047376,-0.050446,-0.037108,-0.025347,1.011603,  17.907,     1.5
   182.0,-0.047376,-0.050590,-0.036484,-0.024419,1.013886,  17.907,     1.5
   183.0,-0.047578,-0.050619,-0.036015,-0.023661,1.014622,  17.905,     1.5
   184.0,-0.047619,-0.050986,-0.035389,-0.023072,1.015072,  17.903,     1.5
   185.0,-0.047598,-0.051153,-0.034919,-0.022396,1.012022,  17.904,     1.5
   186.0,-0.048023,-0.051486,-0.034605,-0.022143,1.008901,  17.903,     1.5
   187.0,-0.048083,-0.051760,-0.033977,-0.022313,1.007342,  17.908,     1.6
   188.0,-0.048113,-0.051941,-0.033506,-0.021890,1.014324,  17.907,     1.6
   189.0,-0.048386,-0.052297,-0.033191,-0.021805,1.014349,  17.909,     1.6
   190.0,-0.048436,-0.052464,-0.032718,-0.021805,1.011900,  17.905,     1.6
   191.0,-0.048527,-0.052623,-0.032718,-0.021466,1.011263,  17.908,     1.6
   192.0,-0.048991,-0.053069,-0.032629,-0.022396,1.014583,  17.908,     1.6
   193.0,-0.049132,-0.053288,-0.032944,-0.022058,1.013805,  17.906,     1.6
   194.0,-0.049393,-0.053568,-0.033191,-0.022228,1.014276,  17.909,     1.6
   195.0,-0.050047,-0.054097,-0.033573,-0.023072,1.016404,  17.907,     1.6
   196.0,-0.050448,-0.054453,-0.034359,-0.023579,1.011448,  17.904,     1.6
   197.0,-0.050579,-0.054688,-0.034762,-0.024168,1.011505,  17.902,     1.6
   198.0,-0.051101,-0.055048,-0.035076,-0.024334,1.013191,  17.905,     1.6
   199.0,-0.051482,-0.055380,-0.035702,-0.025342,1.017366,  17.896,     1.7
   200.0,-0.051762,-0.055644,-0.036484,-0.025678,1.015511,  17.907,     1.7
   201.0,-0.052331,-0.056041,-0.037108,-0.026348,1.015359,  17.903,     1.7
   202.0,-0.052731,-0.056395,-0.037888,-0.026592,1.010641,  17.902,     1.7
   203.0,-0.053200,-0.056793,-0.038510,-0.027260,1.009044,  17.901,     1.7
   204.0,-0.054127,-0.057407,-0.039287,-0.029096,1.014215,  17.900,     1.7
   205.0,-0.054405,-0.057766,-0.040217,-0.029931,1.017185,  17.899,     1.7
   206.0,-0.054813,-0.058082,-0.040682,-0.030433,1.020913,  17.899,     1.7
   207.0,-0.055558,-0.058605,-0.041454,-0.031427,1.017985,  17.902,     1.7
   208.0,-0.055984,-0.059014,-0.042226,-0.032504,1.015020,  17.906,     1.7
   209.0,-0.056559,-0.059386,-0.042688,-0.033164,1.013915,  17.902,     1.7
   210.0,-0.057152,-0.059804,-0.043458,-0.034639,1.014982,  17.904,     1.8
   211.0,-0.057577,-0.060200,-0.044226,-0.035454,1.012685,  17.904,     1.8
   212.0,-0.058387,-0.060870,-0.044839,-0.036194,1.014170,  17.903,     1.8
   213.0,-0.059548,-0.061730,-0.045910,-0.037416,1.014142,  17.904,     1.8
   214.0,-0.060921,-0.063226,-0.047284,-0.039624,1.015370,  17.904,     1.8
   215.0,-0.062047,-0.064575,-0.048349,-0.040582,1.014686,  17.905,     1.8
   216.0,-0.063063,-0.065348,-0.049412,-0.042283,1.018040,  17.901,     1.8
   217.0,-0.063628,-0.065974,-0.050472,-0.043080,1.018966,  17.906,     1.8
   218.0,-0.064279,-0.066678,-0.050926,-0.044129,1.018203,  17.903,     1.8
   219.0,-0.065124,-0.067330,-0.051681,-0.045007,1.017400,  17.903,     1.8
   220.0,-0.065803,-0.068032,-0.052434,-0.046457,1.018494,  17.905,     1.8
   221.0,-0.066577,-0.068893,-0.053036,-0.047585,1.018564,  17.902,     1.8
   222.0,-0.067178,-0.069301,-0.053637,-0.048626,1.021306,  17.909,     1.9
   223.0,-0.067804,-0.069758,-0.054448,-0.049896,1.021595,  17.908,     1.9
   224.0,-0.068663,-0.070768,-0.055137,-0.050701,1.021398,  17.905,     1.9
   225.0,-0.069528,-0.071430,-0.055944,-0.052111,1.018700,  17.893,     1.9
   226.0,-0.070017,-0.071887,-0.056690,-0.052827,1.017609,  17.896,     1.9
   227.0,-0.070641,-0.072553,-0.057376,-0.053142,1.012790,  17.903,     1.9
   228.0,-0.071301,-0.073017,-0.057733,-0.054145,1.013171,  17.906,     1.9
   229.0,-0.071932,-0.073586,-0.058624,-0.055256,1.016045,  17.905,     1.9
   230.0,-0.072467,-0.074176,-0.059307,-0.056536,1.020257,  17.905,     1.9
   231.0,-0.073001,-0.074534,-0.059603,-0.056848,1.018692,  17.904,     1.9
   232.0,-0.073420,-0.074889,-0.060106,-0.057558,1.013979,  17.899,     1.9
   233.0,-0.074037,-0.075477,-0.061082,-0.058096,1.015974,  17.903,     1.9
   234.0,-0.074704,-0.076032,-0.061288,-0.058519,1.017778,  17.905,     1.9
   235.0,-0.075284,-0.076523,-0.061819,-0.059311,1.019795,  17.905,     2.0
   236.0,-0.075899,-0.077094,-0.062408,-0.059931,1.017671,  17.904,     2.0
   237.0,-0.076456,-0.077659,-0.062760,-0.060551,1.020853,  17.903,     2.0
   238.0,-0.076843,-0.078075,-0.063201,-0.061084,1.020199,  17.902,     2.0
   239.0,-0.077306,-0.078574,-0.063878,-0.062181,1.020097,  17.904,     2.0
   240.0,-0.077560,-0.078744,-0.063935,-0.062096,1.016065,  17.905,     2.0
   241.0,-0.077899,-0.078989,-0.064228,-0.062096,1.012347,  17.902,     2.0
   242.0,-0.078445,-0.079632,-0.064903,-0.062181,1.017029,  17.906,     2.0
   243.0,-0.078822,-0.079899,-0.064960,-0.063105,1.022132,  17.912,     2.0
   244.0,-0.079283,-0.080224,-0.065691,-0.062850,1.021505,  17.905,     2.0
   245.0,-0.079724,-0.080821,-0.066072,-0.062457,1.018383,  17.912,     2.0
   246.0,-0.079986,-0.081012,-0.066274,-0.061702,1.016097,  17.914,     2.0
   247.0,-0.080269,-0.081199,-0.066510,-0.060860,1.017959,  17.912,     2.1
   248.0,-0.080586,-0.081617,-0.066801,-0.059621,1.016911,  17.920,     2.1
   249.0,-0.080744,-0.081714,-0.066947,-0.056962,1.016971,  17.915,     2.1
   250.0,-0.081064,-0.081949,-0.067149,-0.054629,1.017537,  17.915,     2.1
   251.0,-0.081343,-0.082329,-0.067238,-0.050762,1.018254,  17.917,     2.1
   252.0,-0.081455,-0.082433,-0.067238,-0.044300,1.018212,  17.920,     2.1
   253.0,-0.081513,-0.082535,-0.067092,-0.035211,1.018329,  17.918,     2.1
   254.0,-0.081409,-0.082613,-0.066218,-0.022228,1.019244,  17.917,     2.1
   255.0,-0.080838,-0.082133,-0.065049,-0.000379,1.020956,  17.916,     2.1
   256.0,-0.079817,-0.081447,-0.063144,0.028546,1.016376,  17.915,     2.1
   257.0,-0.078717,-0.080452,-0.060786,0.064079,1.016737,  17.914,     2.1
   258.0,-0.077002,-0.079027,-0.057286,0.111995,1.016079,  17.911,     2.1
   259.0,-0.074665,-0.077086,-0.052496,0.163518,1.013960,  17.913,     2.2
   260.0,-0.072389,-0.074791,-0.048197,0.212025,1.008158,  17.915,     2.2
   261.0,-0.069996,-0.072690,-0.043676,0.262296,1.009337,  17.909,     2.2
   262.0,-0.067466,-0.070698,-0.038576,0.303949,1.013398,  17.909,     2.2
   263.0,-0.065385,-0.068432,-0.034762,0.334373,1.009563,  17.914,     2.2
   264.0,-0.063772,-0.067115,-0.031682,0.358966,1.007993,  17.914,     2.2
   265.0,-0.062925,-0.066544,-0.029466,0.374700,1.009528,  17.907,     2.2
   266.0,-0.062544,-0.066172,-0.028761,0.383045,1.010439,  17.909,     2.2
   267.0,-0.062681,-0.066303,-0.028830,0.383906,1.009796,  17.902,     2.2
   268.0,-0.063753,-0.067190,-0.030417,0.379874,1.008143,  17.908,     2.2
   269.0,-0.064831,-0.068354,-0.031930,0.373857,1.009635,  17.903,     2.2
   270.0,-0.066326,-0.069680,-0.034202,0.361412,1.009736,  17.900,     2.3
   271.0,-0.068362,-0.071235,-0.037331,0.348435,1.010026,  17.903,     2.3
   272.0,-0.069785,-0.072756,-0.039907,0.333350,1.008798,  17.905,     2.3
   273.0,-0.071491,-0.074147,-0.042137,0.315966,1.013888,  17.906,     2.3
   274.0,-0.073858,-0.075911,-0.045821,0.297462,1.015816,  17.904,     2.3
   275.0,-0.075444,-0.077656,-0.048501,0.279308,1.015602,  17.902,     2.3
   276.0,-0.077088,-0.079127,-0.050837,0.257677,1.008840,  17.901,     2.3
   277.0,-0.079555,-0.081058,-0.054148,0.234382,1.009649,  17.893,     2.3
   278.0,-0.081428,-0.083237,-0.056839,0.213186,1.007386,  17.902,     2.3
   279.0,-0.083359,-0.085060,-0.059276,0.187782,1.008167,  17.901,     2.3
   280.0,-0.085817,-0.087059,-0.062613,0.164641,1.008648,  17.902,     2.3
   281.0,-0.087498,-0.089061,-0.064903,0.144173,1.011733,  17.899,     2.3
   282.0,-0.089181,-0.090553,-0.067149,0.121220,1.012485,  17.893,     2.3
   283.0,-0.091042,-0.092099,-0.069616,0.101530,1.012598,  17.894,     2.4
   284.0,-0.091856,-0.093012,-0.071006,0.086073,1.015679,  17.898,     2.4
   285.0,-0.092484,-0.093174,-0.072158,0.069303,1.017771,  17.902,     2.4
   286.0,-0.092773,-0.093286,-0.073308,0.054950,1.021534,  17.904,     2.4
   287.0,-0.092736,-0.093010,-0.073738,0.042837,1.022495,  17.903,     2.4
   288.0,-0.092755,-0.092517,-0.074455,0.031469,1.020729,  17.899,     2.4
   289.0,-0.092557,-0.092132,-0.074741,0.020809,1.016111,  17.903,     2.4
   290.0,-0.092510,-0.091800,-0.075027,0.012056,1.016991,  17.897,     2.4
   291.0,-0.092900,-0.092012,-0.075509,0.003260,1.022115,  17.894,     2.4
   292.0,-0.093165,-0.092134,-0.076080,-0.004468,1.024848,  17.902,     2.4
   293.0,-0.093355,-0.092300,-0.076739,-0.011097,1.023314,  17.897,     2.4
   294.0,-0.093890,-0.092780,-0.077077,-0.017552,1.024822,  17.904,     2.5
   295.0,-0.094528,-0.093312,-0.077929,-0.023412,1.026113,  17.904,     2.5
   296.0,-0.094854,-0.093765,-0.078213,-0.027607,1.023840,  17.909,     2.5
   297.0,-0.095387,-0.094355,-0.078549,-0.032334,1.021513,  17.910,     2.5
   298.0,-0.095930,-0.094846,-0.079257,-0.036449,1.022511,  17.910,     2.5
   299.0,-0.096426,-0.095511,-0.079540,-0.039555,1.019289,  17.920,     2.5
   300.0,-0.097075,-0.096333,-0.080106,-0.043268,1.023541,  17.919,     2.5
   301.0,-0.097688,-0.096967,-0.080759,-0.046073,1.031782,  17.915,     2.5
   302.0,-0.098058,-0.097543,-0.081272,-0.048541,1.033084,  17.919,     2.5
   303.0,-0.098651,-0.098210,-0.081323,-0.051310,1.030344,  17.931,     2.5
   304.0,-0.099100,-0.098705,-0.081886,-0.053517,1.033838,  17.934,     2.5
   305.0,-0.099316,-0.099029,-0.082116,-0.055171,1.035265,  17.931,     2.5
   306.0,-0.099664,-0.099437,-0.082168,-0.057189,1.029013,  17.931,     2.5
   307.0,-0.100076,-0.099769,-0.082168,-0.058434,1.024571,  17.930,     2.6
   308.0,-0.100309,-0.100149,-0.082027,-0.060071,1.019347,  17.925,     2.6
   309.0,-0.100702,-0.100630,-0.081938,-0.061362,1.013413,  17.925,     2.6
   310.0,-0.101006,-0.100950,-0.081605,-0.063040,1.017508,  17.917,     2.6
   311.0,-0.101302,-0.101164,-0.081272,-0.064523,1.022824,  17.902,     2.6
   312.0,-0.101506,-0.101476,-0.080618,-0.065662,1.020979,  17.899,     2.6
   313.0,-0.101524,-0.101615,-0.079771,-0.066798,1.016405,  17.879,     2.6
   314.0,-0.101611,-0.101816,-0.078586,-0.068051,1.011783,  17.859,     2.6
   315.0,-0.101781,-0.102013,-0.077361,-0.069351,1.007338,  17.827,     2.6
   316.0,-0.101613,-0.102046,-0.074938,-0.070780,1.006604,  17.792,     2.6
   317.0,-0.101698,-0.102295,-0.072446,-0.071770,1.006534,  17.752,     2.6
   318.0,-0.101667,-0.102527,-0.069326,-0.072805,1.009272,  17.707,     2.6
   319.0,-0.101238,-0.102494,-0.063054,-0.073962,1.011348,  17.676,     2.7
   320.0,-0.100781,-0.102424,-0.056481,-0.074561,1.009507,  17.634,     2.7
   321.0,-0.100012,-0.102240,-0.047284,-0.075204,1.004677,  17.601,     2.7
   322.0,-0.098541,-0.101772,-0.032876,-0.075761,1.005854,  17.558,     2.7
   323.0,-0.097317,-0.101263,-0.018462,-0.076484,1.008531,  17.548,     2.7
   324.0,-0.095612,-0.100663,-0.001357,-0.077591,1.008843,  17.532,     2.7
   325.0,-0.092991,-0.099804,0.023207,-0.077761,1.008976,  17.528,     2.7
   326.0,-0.090974,-0.098926,0.043573,-0.078440,1.012809,  17.534,     2.7
   327.0,-0.088811,-0.098092,0.065228,-0.078949,1.010445,  17.545,     2.7
   328.0,-0.086019,-0.097186,0.090632,-0.079202,1.012134,  17.567,     2.7
   329.0,-0.084033,-0.096216,0.109144,-0.079923,1.018474,  17.586,     2.7
   330.0,-0.082387,-0.095511,0.126162,-0.080640,1.020648,  17.621,     2.8
   331.0,-0.080799,-0.094982,0.139072,-0.081106,1.024951,  17.656,     2.8
   332.0,-0.080066,-0.094756,0.150452,-0.081441,1.023503,  17.691,     2.8
   333.0,-0.079703,-0.094626,0.155040,-0.081480,1.023886,  17.726,     2.8
   334.0,-0.079834,-0.094728,0.156986,-0.082657,1.022075,  17.753,     2.8
   335.0,-0.080622,-0.095270,0.154555,-0.083585,1.022504,  17.800,     2.8
   336.0,-0.081621,-0.096114,0.149252,-0.084001,1.021390,  17.834,     2.8
   337.0,-0.083151,-0.096777,0.142125,-0.085087,1.023157,  17.864,     2.8
   338.0,-0.084712,-0.097795,0.130500,-0.085841,1.024271,  17.888,     2.8
   339.0,-0.086286,-0.098828,0.119401,-0.086218,1.022895,  17.913,     2.8
   340.0,-0.088515,-0.099916,0.107707,-0.087092,1.017889,  17.930,     2.8
   341.0,-0.090323,-0.101104,0.092641,-0.087673,1.018325,  17.941,     2.8
   342.0,-0.091950,-0.102027,0.080406,-0.088169,1.016903,  17.954,     2.8
   343.0,-0.094116,-0.102964,0.067911,-0.088614,1.014774,  17.958,     2.9
   344.0,-0.096020,-0.104292,0.052390,-0.089449,1.016537,  17.960,     2.9
   345.0,-0.097562,-0.105184,0.041227,-0.090316,1.017897,  17.964,     2.9
   346.0,-0.099377,-0.105892,0.030251,-0.090553,1.016591,  17.965,     2.9
   347.0,-0.100878,-0.106957,0.017068,-0.091148,1.015802,  17.967,     2.9
   348.0,-0.102316,-0.107884,0.007803,-0.091724,1.019657,  17.963,     2.9
   349.0,-0.103906,-0.108563,-0.001437,-0.092332,1.023137,  17.962,     2.9
   350.0,-0.105157,-0.109462,-0.011810,-0.093162,1.019653,  17.963,     2.9
   351.0,-0.106235,-0.110089,-0.019186,-0.093449,1.018233,  17.956,     2.9
   352.0,-0.107557,-0.110702,-0.026350,-0.093968,1.018678,  17.953,     2.9
   353.0,-0.108647,-0.111557,-0.034202,-0.094394,1.015838,  17.949,     2.9
   354.0,-0.109394,-0.112008,-0.039818,-0.094255,1.017098,  17.945,     3.0
   355.0,-0.110322,-0.112402,-0.045056,-0.095081,1.017111,  17.940,     3.0
   356.0,-0.111228,-0.113164,-0.050988,-0.095166,1.018597,  17.934,     3.0
   357.0,-0.112012,-0.113717,-0.055197,-0.095908,1.016624,  17.935,     3.0
   358.0,-0.112935,-0.114146,-0.059366,-0.096223,1.020017,  17.932,     3.0
   359.0,-0.113622,-0.114763,-0.063788,-0.096678,1.022903,  17.925,     3.0
   360.0,-0.114219,-0.115165,-0.066947,-0.096707,1.025594,  17.924,     3.0
   361.0,-0.115244,-0.115613,-0.070139,-0.097730,1.026053,  17.937,     3.0
   362.0,-0.115603,-0.116134,-0.073219,-0.097815,1.027058,  17.932,     3.0
   363.0,-0.115987,-0.116396,-0.075223,-0.097730,1.031550,  17.933,     3.0
   364.0,-0.116725,-0.116827,-0.077645,-0.098213,1.030488,  17.935,     3.0
   365.0,-0.117149,-0.117331,-0.080054,-0.098752,1.028372,  17.933,     3.0
   366.0,-0.117551,-0.117662,-0.081886,-0.099092,1.022421,  17.933,     3.0
   367.0,-0.118232,-0.118207,-0.083711,-0.099772,1.023832,  17.930,     3.1
   368.0,-0.118651,-0.118509,-0.085529,-0.099884,1.028317,  17.936,     3.1
   369.0,-0.119001,-0.118777,-0.087061,-0.099997,1.030802,  17.932,     3.1
   370.0,-0.119569,-0.119281,-0.088310,-0.100221,1.028702,  17.933,     3.1
   371.0,-0.119823,-0.119484,-0.089556,-0.100306,1.027934,  17.938,     3.1
   372.0,-0.120028,-0.119630,-0.090385,-0.100334,1.027646,  17.933,     3.1
   373.0,-0.120578,-0.120146,-0.091762,-0.101126,1.030940,  17.935,     3.1
   374.0,-0.120937,-0.120366,-0.092861,-0.100785,1.033402,  17.930,     3.1
   375.0,-0.121268,-0.120669,-0.093594,-0.101604,1.033279,  17.931,     3.1
   376.0,-0.121806,-0.121156,-0.094640,-0.102336,1.029679,  17.933,     3.1
   377.0,-0.122283,-0.121461,-0.095732,-0.102192,1.029129,  17.934,     3.1
   378.0,-0.122487,-0.121724,-0.096549,-0.102643,1.024759,  17.930,     3.1
   379.0,-0.122895,-0.122148,-0.097228,-0.103179,1.025290,  17.931,     3.2
   380.0,-0.123191,-0.122386,-0.097500,-0.103459,1.029384,  17.930,     3.2
   381.0,-0.123489,-0.122623,-0.098313,-0.103765,1.027482,  17.925,     3.2
   382.0,-0.123869,-0.122971,-0.098855,-0.103790,1.020823,  17.927,     3.2
   383.0,-0.124232,-0.123262,-0.099531,-0.103875,1.018237,  17.927,     3.2
   384.0,-0.124790,-0.123588,-0.100206,-0.103620,1.019873,  17.924,     3.2
   385.0,-0.125240,-0.124025,-0.100880,-0.104883,1.025816,  17.923,     3.2
   386.0,-0.125348,-0.124277,-0.101283,-0.104822,1.025239,  17.910,     3.2
   387.0,-0.125747,-0.124634,-0.101687,-0.105077,1.023625,  17.919,     3.2
   388.0,-0.126077,-0.124945,-0.102269,-0.105356,1.017933,  17.918,     3.2
   389.0,-0.126253,-0.125155,-0.102761,-0.105720,1.018463,  17.912,     3.2
   390.0,-0.126623,-0.125553,-0.103163,-0.105550,1.018040,  17.910,     3.3
   391.0,-0.126886,-0.125719,-0.103565,-0.106084,1.015211,  17.908,     3.3
   392.0,-0.127213,-0.125998,-0.103966,-0.105659,1.016551,  17.906,     3.3
   393.0,-0.127824,-0.126540,-0.104500,-0.106022,1.015801,  17.908,     3.3
   394.0,-0.127992,-0.126757,-0.105034,-0.107027,1.012995,  17.903,     3.3
   395.0,-0.128120,-0.126867,-0.105078,-0.107197,1.009801,  17.913,     3.3
   396.0,-0.128563,-0.127302,-0.105567,-0.107390,1.012634,  17.913,     3.3
   397.0,-0.128851,-0.127535,-0.106100,-0.108115,1.013252,  17.909,     3.3
   398.0,-0.129086,-0.127772,-0.106499,-0.108115,1.010430,  17.911,     3.3
   399.0,-0.129454,-0.128132,-0.106765,-0.108669,1.008077,  17.911,     3.3
   400.0,-0.129755,-0.128383,-0.107206,-0.109031,1.009634,  17.912,     3.3
   401.0,-0.130274,-0.128762,-0.107959,-0.108839,1.015143,  17.912,     3.3
   402.0,-0.130731,-0.129284,-0.108267,-0.109478,1.016058,  17.909,     3.3
   403.0,-0.130925,-0.129478,-0.108488,-0.109860,1.016720,  17.920,     3.4
   404.0,-0.131125,-0.129638,-0.108621,-0.109839,1.014302,  17.909,     3.4
   405.0,-0.131548,-0.130028,-0.109371,-0.110647,1.011475,  17.909,     3.4
   406.0,-0.131897,-0.130375,-0.109678,-0.110774,1.013181,  17.920,     3.4
   407.0,-0.132226,-0.130555,-0.109942,-0.110964,1.017226,  17.920,     3.4
   408.0,-0.132558,-0.130963,-0.110337,-0.111134,1.016364,  17.924,     3.4
   409.0,-0.132861,-0.131225,-0.110600,-0.111410,1.009483,  17.927,     3.4
   410.0,-0.133432,-0.131667,-0.111085,-0.112131,1.008638,  17.929,     3.4
   411.0,-0.133624,-0.132043,-0.111479,-0.112491,1.013331,  17.933,     3.4
   412.0,-0.133724,-0.132114,-0.111521,-0.111941,1.016302,  17.929,     3.4
   413.0,-0.134082,-0.132398,-0.111742,-0.113040,1.014030,  17.932,     3.4
   414.0,-0.134502,-0.132873,-0.112267,-0.112974,1.006970,  17.929,     3.5
   415.0,-0.134750,-0.133079,-0.112440,-0.112700,1.006406,  17.924,     3.5
   416.0,-0.135091,-0.133361,-0.112792,-0.113589,1.008152,  17.940,     3.5
   417.0,-0.135427,-0.133754,-0.113095,-0.113333,1.013908,  17.938,     3.5
   418.0,-0.135840,-0.134108,-0.113399,-0.113881,1.015352,  17.937,     3.5
   419.0,-0.136153,-0.134373,-0.113749,-0.114514,1.012646,  17.936,     3.5
   420.0,-0.136417,-0.134671,-0.114361,-0.114429,1.011161,  17.937,     3.5
   421.0,-0.136674,-0.134908,-0.114403,-0.114975,1.012911,  17.935,     3.5
   422.0,-0.137130,-0.135222,-0.115014,-0.115504,1.012100,  17.942,     3.5
   423.0,-0.137640,-0.135743,-0.115405,-0.116220,1.008748,  17.939,     3.5
   424.0,-0.137935,-0.136115,-0.115576,-0.115879,1.010661,  17.939,     3.5
   425.0,-0.138312,-0.136393,-0.115836,-0.116509,1.012801,  17.932,     3.5
   426.0,-0.138827,-0.136904,-0.116186,-0.116594,1.012926,  17.930,     3.5
   427.0,-0.139279,-0.137441,-0.116616,-0.116594,1.010576,  17.940,     3.6
   428.0,-0.139890,-0.137843,-0.117006,-0.117070,1.013608,  17.939,     3.6
   429.0,-0.140331,-0.138407,-0.117354,-0.117767,1.011776,  17.935,     3.6
   430.0,-0.140639,-0.138876,-0.117654,-0.117884,1.010929,  17.939,     3.6
   431.0,-0.141238,-0.139430,-0.118042,-0.118070,1.009546,  17.933,     3.6
   432.0,-0.141585,-0.139797,-0.118520,-0.118682,1.007034,  17.934,     3.6
   433.0,-0.141925,-0.140177,-0.118689,-0.118782,1.007024,  17.935,     3.6
   434.0,-0.142392,-0.140668,-0.118948,-0.119324,1.010080,  17.929,     3.6
   435.0,-0.142697,-0.140938,-0.119206,-0.119594,1.011612,  17.931,     3.6
   436.0,-0.142934,-0.141144,-0.119504,-0.119324,1.013435,  17.930,     3.6
   437.0,-0.143362,-0.141604,-0.119851,-0.119949,1.013079,  17.932,     3.6
   438.0,-0.143686,-0.141839,-0.120237,-0.120375,1.011782,  17.934,     3.6
   439.0,-0.144020,-0.142143,-0.120534,-0.120659,1.008336,  17.931,     3.7
   440.0,-0.144553,-0.142779,-0.120920,-0.121113,1.009104,  17.932,     3.7
   441.0,-0.145038,-0.143115,-0.121484,-0.121383,1.005617,  17.930,     3.7
   442.0,-0.145597,-0.143632,-0.122037,-0.121737,1.004183,  17.933,     3.7
   443.0,-0.146166,-0.144497,-0.122293,-0.121934,1.008712,  17.933,     3.7
   444.0,-0.146402,-0.144682,-0.122511,-0.121921,1.009664,  17.927,     3.7
   445.0,-0.146735,-0.144865,-0.122934,-0.122301,1.009142,  17.925,     3.7
   446.0,-0.147067,-0.145323,-0.122934,-0.122825,1.009274,  17.935,     3.7
   447.0,-0.147254,-0.145497,-0.123279,-0.122838,1.012480,  17.931,     3.7
   448.0,-0.147742,-0.145661,-0.123573,-0.123191,1.011691,  17.931,     3.7
   449.0,-0.148083,-0.146207,-0.123701,-0.123714,1.010475,  17.933,     3.7
   450.0,-0.148596,-0.146760,-0.124594,-0.124614,1.010928,  17.931,     3.8
   451.0,-0.149551,-0.147593,-0.125015,-0.124614,1.009450,  17.940,     3.8
   452.0,-0.149806,-0.148022,-0.125269,-0.124966,1.007936,  17.941,     3.8
   453.0,-0.150014,-0.148245,-0.125651,-0.125221,1.011943,  17.937,     3.8
   454.0,-0.150626,-0.148775,-0.126160,-0.125925,1.014658,  17.939,     3.8
   455.0,-0.150928,-0.149034,-0.126414,-0.125851,1.015324,  17.936,     3.8
   456.0,-0.151092,-0.149277,-0.126719,-0.126469,1.011392,  17.934,     3.8
   457.0,-0.151543,-0.149745,-0.126884,-0.126309,1.010954,  17.930,     3.8
   458.0,-0.151941,-0.150092,-0.127517,-0.126235,1.006142,  17.936,     3.8
   459.0,-0.152274,-0.150495,-0.127771,-0.126830,1.006953,  17.935,     3.8
   460.0,-0.152582,-0.150813,-0.127897,-0.127627,1.007194,  17.920,     3.8
   461.0,-0.152756,-0.150938,-0.127934,-0.127712,1.004856,  17.931,     3.8
   462.0,-0.152951,-0.151127,-0.128061,-0.127637,1.007939,  17.925,     3.8
   463.0,-0.153464,-0.151602,-0.128566,-0.128157,1.009200,  17.927,     3.9
   464.0,-0.153780,-0.151963,-0.128998,-0.128592,1.009062,  17.917,     3.9
   465.0,-0.154028,-0.152220,-0.129250,-0.128517,1.006680,  17.923,     3.9
   466.0,-0.154523,-0.152702,-0.129791,-0.129292,1.008023,  17.923,     3.9
   467.0,-0.155007,-0.153086,-0.130169,-0.129735,1.007073,  17.917,     3.9
   468.0,-0.155312,-0.153435,-0.130510,-0.129735,1.008992,  17.917,     3.9
   469.0,-0.155633,-0.153815,-0.130672,-0.129838,1.012282,  17.924,     3.9
   470.0,-0.155953,-0.154047,-0.130924,-0.130272,1.009398,  17.921,     3.9
   471.0,-0.156472,-0.154414,-0.131175,-0.130620,1.011896,  17.916,     3.9
   472.0,-0.156839,-0.154905,-0.131426,-0.130535,1.014011,  17.915,     3.9
   473.0,-0.157069,-0.155104,-0.131802,-0.131155,1.011762,  17.922,     3.9
   474.0,-0.157388,-0.155443,-0.132053,-0.131503,1.009006,  17.922,     4.0
   475.0,-0.157639,-0.155746,-0.132214,-0.131503,1.006690,  17.913,     4.0
   476.0,-0.156849,-0.155152,-0.131802,-0.131240,1.008317,  17.919,     4.0
   477.0,-0.156802,-0.155068,-0.131462,-0.130706,1.010412,  17.919,     4.0
   478.0,-0.156991,-0.155192,-0.131713,-0.130977,1.010487,  17.915,     4.0
   479.0,-0.157440,-0.155495,-0.132053,-0.131503,1.010959,  17.910,     4.0
   480.0,-0.158292,-0.156434,-0.132715,-0.132114,1.013862,  17.917,     4.0
   481.0,-0.158908,-0.157141,-0.133430,-0.133156,1.011834,  17.903,     4.0
   482.0,-0.159387,-0.157617,-0.133929,-0.133595,1.012780,  17.917,     4.0
   483.0,-0.159949,-0.158140,-0.134339,-0.134118,1.009456,  17.915,     4.0
   484.0,-0.160572,-0.158820,-0.134961,-0.134555,1.009795,  17.920,     4.0
   485.0,-0.161086,-0.159294,-0.135335,-0.135163,1.011004,  17.919,     4.0
   486.0,-0.161589,-0.159807,-0.135921,-0.135248,1.011285,  17.913,     4.1
   487.0,-0.161993,-0.160257,-0.136204,-0.136195,1.008039,  17.918,     4.1
   488.0,-0.162515,-0.160757,-0.136577,-0.136550,1.006415,  17.917,     4.1
   489.0,-0.163047,-0.161205,-0.137251,-0.136465,1.011060,  17.913,     4.1
   490.0,-0.163465,-0.161736,-0.137746,-0.137070,1.011817,  17.913,     4.1
   491.0,-0.163806,-0.162034,-0.137781,-0.137074,1.005346,  17.915,     4.1
   492.0,-0.164367,-0.162340,-0.138488,-0.138108,1.003793,  17.912,     4.1
   493.0,-0.164676,-0.162869,-0.138522,-0.138022,1.010212,  17.909,     4.1
   494.0,-0.164902,-0.163088,-0.138803,-0.138196,1.011328,  17.901,     4.1
   495.0,-0.165375,-0.163437,-0.139139,-0.139058,1.010198,  17.902,     4.1
   496.0,-0.165662,-0.163863,-0.139262,-0.138976,1.010076,  17.891,     4.1
   497.0,-0.165955,-0.164132,-0.139632,-0.138976,1.007853,  17.897,     4.1
   498.0,-0.166503,-0.164627,-0.140214,-0.139662,1.010128,  17.892,     4.2
   499.0,-0.166754,-0.164904,-0.140583,-0.139747,1.008861,  17.893,     4.2
   500.0,-0.167000,-0.165150,-0.140739,-0.140176,1.008068,  17.894,     4.2
   501.0,-0.167434,-0.165571,-0.140985,-0.140608,1.005868,  17.888,     4.2
   502.0,-0.167511,-0.165719,-0.141197,-0.140780,1.012880,  17.888,     4.2
   503.0,-0.167731,-0.165894,-0.141230,-0.140523,1.012811,  17.882,     4.2
   504.0,-0.168118,-0.166267,-0.141476,-0.140782,1.010547,  17.889,     4.2
   505.0,-0.168399,-0.166516,-0.141754,-0.141036,1.008929,  17.891,     4.2
   506.0,-0.168674,-0.166784,-0.141999,-0.141634,1.010546,  17.891,     4.2
   507.0,-0.169184,-0.167253,-0.142366,-0.141807,1.005652,  17.896,     4.2
   508.0,-0.169540,-0.167521,-0.142733,-0.141978,1.007854,  17.900,     4.2
   509.0,-0.169748,-0.167819,-0.143100,-0.142661,1.011512,  17.895,     4.2
   510.0,-0.170109,-0.168163,-0.143222,-0.142662,1.010819,  17.901,     4.3
   511.0,-0.170342,-0.168375,-0.143466,-0.142833,1.006012,  17.899,     4.3
   512.0,-0.170637,-0.168603,-0.143954,-0.143089,1.006686,  17.889,     4.3
   513.0,-0.170956,-0.168963,-0.144166,-0.143176,1.005838,  17.899,     4.3
   514.0,-0.171200,-0.169153,-0.144409,-0.143601,1.006486,  17.896,     4.3
   515.0,-0.171696,-0.169461,-0.144807,-0.144027,1.009623,  17.892,     4.3
   516.0,-0.171964,-0.169870,-0.144807,-0.144027,1.005281,  17.899,     4.3
   517.0,-0.172085,-0.170013,-0.144929,-0.144368,1.002112,  17.896,     4.3
   518.0,-0.172414,-0.170316,-0.145261,-0.144453,1.006234,  17.893,     4.3
   519.0,-0.172530,-0.170485,-0.145383,-0.144708,1.006499,  17.882,     4.3
   520.0,-0.172727,-0.170670,-0.145715,-0.144963,1.005936,  17.891,     4.3
   521.0,-0.173166,-0.171073,-0.145990,-0.145133,1.003875,  17.898,     4.3
   522.0,-0.173247,-0.171228,-0.146111,-0.145048,1.007026,  17.895,     4.3
   523.0,-0.173433,-0.171351,-0.146322,-0.145303,1.008184,  17.896,     4.4
   524.0,-0.173918,-0.171776,-0.146597,-0.146068,1.006961,  17.899,     4.4
   525.0,-0.174184,-0.172108,-0.146960,-0.146407,1.003514,  17.897,     4.4
   526.0,-0.174209,-0.172134,-0.146928,-0.145982,1.003528,  17.901,     4.4
   527.0,-0.174511,-0.172367,-0.147202,-0.146407,1.009849,  17.904,     4.4
   528.0,-0.174727,-0.172663,-0.147444,-0.146746,1.012318,  17.910,     4.4
   529.0,-0.174933,-0.172839,-0.147896,-0.146915,1.014304,  17.904,     4.4
   530.0,-0.175365,-0.173187,-0.148049,-0.147591,1.013277,  17.913,     4.4
   531.0,-0.175571,-0.173412,-0.148169,-0.148015,1.014867,  17.917,     4.4
   532.0,-0.175761,-0.173649,-0.148500,-0.147254,1.011474,  17.919,     4.4
   533.0,-0.176422,-0.174164,-0.148894,-0.147761,1.006386,  17.926,     4.4
   534.0,-0.176532,-0.174398,-0.148894,-0.148609,1.007670,  17.925,     4.4
   535.0,-0.176613,-0.174424,-0.148925,-0.148353,1.006235,  17.927,     4.5
   536.0,-0.176993,-0.174767,-0.149286,-0.148521,1.005316,  17.934,     4.5
   537.0,-0.177268,-0.174992,-0.149407,-0.148857,1.005243,  17.929,     4.5
   538.0,-0.177598,-0.175263,-0.149647,-0.148774,1.010648,  17.938,     4.5
   539.0,-0.177897,-0.175563,-0.150008,-0.149109,1.015268,  17.937,     4.5
   540.0,-0.178001,-0.175757,-0.150249,-0.149024,1.011930,  17.939,     4.5
   541.0,-0.178291,-0.176084,-0.150458,-0.149109,1.011840,  17.942,     4.5
   542.0,-0.178445,-0.176281,-0.150698,-0.149696,1.011493,  17.939,     4.5
   543.0,-0.178510,-0.176275,-0.150698,-0.149782,1.006280,  17.937,     4.5
   544.0,-0.178699,-0.176501,-0.150788,-0.149782,1.006987,  17.938,     4.5
   545.0,-0.178928,-0.176690,-0.151058,-0.150119,1.009526,  17.934,     4.5
   546.0,-0.179173,-0.176942,-0.151298,-0.150197,1.010758,  17.931,     4.6
   547.0,-0.179496,-0.177264,-0.151538,-0.150874,1.010926,  17.935,     4.6
   548.0,-0.179754,-0.177500,-0.151568,-0.150449,1.010756,  17.924,     4.6
   549.0,-0.179888,-0.177613,-0.151808,-0.150870,1.007323,  17.929,     4.6
   550.0,-0.180256,-0.178067,-0.152047,-0.152225,1.007383,  17.929,     4.6
   551.0,-0.180484,-0.178230,-0.152287,-0.151629,1.009219,  17.930,     4.6
   552.0,-0.180533,-0.178251,-0.152406,-0.151458,1.010172,  17.928,     4.6
   553.0,-0.180627,-0.178365,-0.152944,-0.151377,1.010655,  17.925,     4.6
   554.0,-0.180810,-0.178577,-0.152854,-0.151543,1.009561,  17.925,     4.6
   555.0,-0.180706,-0.178614,-0.152974,-0.151880,1.007856,  17.916,     4.6
   556.0,-0.180102,-0.177937,-0.152376,-0.150959,1.012469,  17.925,     4.6
   557.0,-0.174858,-0.173003,-0.149014,-0.149280,1.019868,  17.915,     4.6
   558.0,-0.171914,-0.170259,-0.145140,-0.144368,1.017193,  17.926,     4.7
   559.0,-0.170789,-0.169226,-0.143922,-0.143174,1.011391,  17.921,     4.7
   560.0,-0.170510,-0.168902,-0.143344,-0.142319,1.011075,  17.921,     4.7
   561.0,-0.170454,-0.168871,-0.143466,-0.142492,1.011842,  17.922,     4.7
   562.0,-0.170744,-0.169072,-0.143678,-0.143004,1.011178,  17.915,     4.7
   563.0,-0.170870,-0.169296,-0.143710,-0.143005,1.007227,  17.917,     4.7
   564.0,-0.171119,-0.169515,-0.143954,-0.143259,1.004893,  17.919,     4.7
   565.0,-0.171488,-0.169912,-0.144409,-0.143430,1.007939,  17.916,     4.7
   566.0,-0.171615,-0.170056,-0.144442,-0.143345,1.009160,  17.914,     4.7
   567.0,-0.171752,-0.170190,-0.144775,-0.143942,1.010003,  17.920,     4.7
   568.0,-0.172106,-0.170482,-0.145107,-0.143686,1.007410,  17.914,     4.7
   569.0,-0.172182,-0.170601,-0.145140,-0.144027,1.005844,  17.914,     4.7
   570.0,-0.172389,-0.170675,-0.145261,-0.144538,1.003406,  17.906,     4.8
   571.0,-0.172667,-0.170982,-0.145351,-0.144793,1.005009,  17.911,     4.8
   572.0,-0.172823,-0.171204,-0.145626,-0.145048,1.007831,  17.906,     4.8
   573.0,-0.173126,-0.171470,-0.145779,-0.145049,1.007596,  17.912,     4.8
   574.0,-0.173469,-0.171788,-0.146111,-0.145388,1.009127,  17.906,     4.8
   575.0,-0.173514,-0.171908,-0.146143,-0.145219,1.011839,  17.907,     4.8
   576.0,-0.173650,-0.172023,-0.146507,-0.145559,1.011745,  17.908,     4.8
   577.0,-0.173998,-0.172333,-0.146928,-0.145813,1.005640,  17.910,     4.8
   578.0,-0.174234,-0.172490,-0.146928,-0.145813,1.002682,  17.903,     4.8
   579.0,-0.174270,-0.172547,-0.147113,-0.146152,1.003330,  17.904,     4.8
   580.0,-0.174531,-0.172858,-0.147202,-0.146235,1.008594,  17.897,     4.8
   581.0,-0.174802,-0.173142,-0.147323,-0.145981,1.008275,  17.907,     4.8
   582.0,-0.175159,-0.173291,-0.147807,-0.146235,1.008718,  17.906,     4.8
   583.0,-0.175355,-0.173632,-0.148017,-0.146828,1.006815,  17.905,     4.9
   584.0,-0.175420,-0.173719,-0.148017,-0.146827,1.004936,  17.906,     4.9
   585.0,-0.175837,-0.173921,-0.148290,-0.147082,1.001282,  17.906,     4.9
   586.0,-0.176067,-0.174215,-0.148500,-0.147763,1.003366,  17.902,     4.9
   587.0,-0.176157,-0.174333,-0.148532,-0.147167,1.006466,  17.900,     4.9
   588.0,-0.176493,-0.174707,-0.148925,-0.147250,1.012685,  17.908,     4.9
   589.0,-0.176678,-0.174844,-0.149014,-0.147842,1.013627,  17.909,     4.9
   590.0,-0.176878,-0.175034,-0.149286,-0.148183,1.011516,  17.910,     4.9
   591.0,-0.177278,-0.175533,-0.149527,-0.148436,1.008256,  17.905,     4.9
   592.0,-0.177368,-0.175617,-0.149407,-0.148689,1.011471,  17.897,     4.9
   593.0,-0.177533,-0.175685,-0.149826,-0.148519,1.010929,  17.911,     4.9
   594.0,-0.177898,-0.176100,-0.150098,-0.149027,1.005918,  17.904,     4.9
   595.0,-0.178097,-0.176267,-0.150218,-0.149195,1.003234,  17.908,     5.0
   596.0,-0.178187,-0.176338,-0.150249,-0.149195,1.002067,  17.908,     5.0
   597.0,-0.178556,-0.176696,-0.150698,-0.149617,1.002175,  17.907,     5.0
   598.0,-0.178699,-0.176843,-0.150818,-0.149614,1.010689,  17.908,     5.0
   599.0,-0.178988,-0.177082,-0.151298,-0.150119,1.014947,  17.911,     5.0
   600.0,-0.179272,-0.177499,-0.151538,-0.149952,1.011562,  17.908,     5.0
   601.0,-0.179382,-0.177521,-0.151418,-0.150371,1.007920,  17.910,     5.0
   602.0,-0.179436,-0.177591,-0.151867,-0.150197,1.007699,  17.910,     5.0
   603.0,-0.179833,-0.178019,-0.152017,-0.150874,1.010362,  17.913,     5.0
   604.0,-0.180017,-0.178143,-0.151928,-0.150959,1.011517,  17.908,     5.0
   605.0,-0.180236,-0.178249,-0.152137,-0.150789,1.015016,  17.911,     5.0
   606.0,-0.180459,-0.178558,-0.152376,-0.151130,1.015039,  17.915,     5.1
   607.0,-0.180672,-0.178752,-0.152406,-0.151462,1.009108,  17.916,     5.1
   608.0,-0.181173,-0.179031,-0.152645,-0.151377,1.004874,  17.915,     5.1
   609.0,-0.181291,-0.179272,-0.153004,-0.151292,1.004582,  17.924,     5.1
   610.0,-0.181495,-0.179590,-0.153123,-0.151709,1.011650,  17.924,     5.1
   611.0,-0.182004,-0.179963,-0.153362,-0.152045,1.013599,  17.925,     5.1
   612.0,-0.182241,-0.180350,-0.153809,-0.152207,1.016297,  17.921,     5.1
   613.0,-0.182438,-0.180553,-0.154047,-0.152627,1.012824,  17.934,     5.1
   614.0,-0.182755,-0.180845,-0.154196,-0.153133,1.011794,  17.928,     5.1
   615.0,-0.183193,-0.181233,-0.154643,-0.153213,1.015542,  17.934,     5.1
   616.0,-0.183459,-0.181556,-0.154553,-0.153378,1.012818,  17.931,     5.1
   617.0,-0.183819,-0.181952,-0.154821,-0.153633,1.007174,  17.934,     5.1
   618.0,-0.184251,-0.182398,-0.155148,-0.153798,1.007996,  17.933,     5.2
   619.0,-0.184433,-0.182643,-0.155267,-0.154559,1.009178,  17.937,     5.2
   620.0,-0.184841,-0.183058,-0.155504,-0.154383,1.007600,  17.936,     5.2
   621.0,-0.185214,-0.183382,-0.155979,-0.154547,1.005708,  17.940,     5.2
   622.0,-0.185375,-0.183534,-0.156305,-0.154711,1.006281,  17.941,     5.2
   623.0,-0.185650,-0.183808,-0.156571,-0.155131,1.007720,  17.937,     5.2
   624.0,-0.185940,-0.184080,-0.156690,-0.155131,1.005901,  17.942,     5.2
   625.0,-0.186077,-0.184207,-0.156779,-0.155125,1.005146,  17.932,     5.2
   626.0,-0.186232,-0.184359,-0.156927,-0.155295,1.009627,  17.942,     5.2
   627.0,-0.186350,-0.184509,-0.156808,-0.155459,1.009657,  17.937,     5.2
   628.0,-0.186589,-0.184699,-0.157016,-0.155793,1.004307,  17.934,     5.2
   629.0,-0.186937,-0.184983,-0.157489,-0.156212,1.005222,  17.929,     5.2
   630.0,-0.187133,-0.185208,-0.157518,-0.156283,1.006549,  17.936,     5.3
   631.0,-0.187420,-0.185443,-0.157754,-0.156283,1.005725,  17.931,     5.3
   632.0,-0.187742,-0.185804,-0.158405,-0.156361,1.006198,  17.933,     5.3
