Run Name,20220826_dsnPPR10_NA_NA
Run Date,12:12:25 PM   08-26-22
Method Name,0.5 ml / min 100 uL inject 4WL FRET
Export Format Version, 1.00
Method ID,  898
Points/Second, 1.00
Number of Records,    635
Offset from Run Start Time,00:00:00
Run End Time,00:10:36
Time,Second
QuadTec 1, (280.0 nm), AU
QuadTec 2, (260.0 nm), AU
Gradient Pump,<Not Selected>
QuadTec 3, (550.0 nm), AU
QuadTec 4, (650.0 nm), AU
UV,AU
Conductivity,mS/cm
GP Pressure,<Not Selected>
Volume,ml
Fraction,<Not Available>
Time,QuadTec 1,QuadTec 2,QuadTec 3,QuadTec 4,UV,Conductivity,Volume
     0.0,0.000140,-0.000278,0.817217,-0.556097,0.000000,  16.073,     0.0
     1.0,-0.000005,-0.000278,0.816885,-0.556091,0.000000,  16.074,     0.0
     2.0,-0.000009,0.000000,0.000074,0.000057,0.000000,  16.073,     0.0
     3.0,-0.000014,-0.000018,0.000111,-0.000688,0.000000,  16.077,     0.0
     4.0,-0.000005,-0.000040,-0.000003,0.000672,0.000000,  16.077,     0.0
     5.0,0.000000,-0.000014,-0.000077,-0.000112,0.000000,  16.076,     0.0
     6.0,-0.000009,-0.000021,-0.000076,0.000797,0.000000,  16.079,     0.1
     7.0,-0.000032,-0.000043,-0.000114,0.001424,0.000000,  16.077,     0.1
     8.0,-0.000014,-0.000040,-0.000077,0.000440,0.000000,  16.080,     0.1
     9.0,-0.000027,-0.000047,0.000071,0.001231,0.000000,  16.079,     0.1
    10.0,-0.000027,-0.000033,0.000035,0.000518,0.000000,  16.085,     0.1
    11.0,-0.000036,-0.000040,-0.000003,0.000688,0.000000,  16.082,     0.1
    12.0,-0.000041,-0.000054,0.000071,0.000362,0.000000,  16.083,     0.1
    13.0,-0.000032,-0.000058,-0.000001,-0.000392,0.000000,  16.087,     0.1
    14.0,-0.000041,-0.000054,0.000035,0.000021,0.000000,  16.089,     0.1
    15.0,-0.000023,-0.000043,0.000071,-0.000555,0.000000,  16.090,     0.1
    16.0,-0.000032,-0.000058,-0.000001,-0.000805,0.000000,  16.087,     0.1
    17.0,-0.000023,-0.000061,0.000035,-0.000252,0.000000,  16.092,     0.1
    18.0,-0.000027,-0.000064,0.000071,0.000766,0.000000,  16.091,     0.2
    19.0,-0.000032,-0.000028,0.000035,0.001068,0.000000,  16.081,     0.2
    20.0,-0.000036,-0.000032,0.000071,0.000409,0.000000,  16.090,     0.2
    21.0,-0.000036,-0.000032,0.000035,0.000766,0.000000,  16.090,     0.2
    22.0,-0.000009,-0.000007,-0.000076,0.000827,0.000000,  16.095,     0.2
    23.0,0.000027,0.000040,-0.000114,-0.000851,0.000000,  16.088,     0.2
    24.0,0.000086,0.000091,-0.000003,-0.001429,0.000000,  16.085,     0.2
    25.0,0.000144,0.000156,-0.000001,-0.002582,0.000000,  16.091,     0.2
    26.0,0.000230,0.000225,0.000071,-0.002870,0.000000,  16.089,     0.2
    27.0,0.000316,0.000326,-0.000003,-0.002077,0.000000,  16.087,     0.2
    28.0,0.000401,0.000453,-0.000076,-0.001929,0.000000,  16.086,     0.2
    29.0,0.000455,0.000503,-0.000038,-0.002015,0.000000,  16.083,     0.2
    30.0,0.000451,0.000564,-0.000112,-0.002101,0.000000,  16.080,     0.3
    31.0,0.000424,0.000586,0.000035,-0.002649,0.000000,  16.088,     0.3
    32.0,0.000406,0.000597,-0.000001,-0.002500,0.000000,  16.086,     0.3
    33.0,0.000347,0.000539,-0.000076,-0.002826,0.000000,  16.087,     0.3
    34.0,0.000298,0.000470,-0.000001,-0.002413,0.000000,  16.088,     0.3
    35.0,0.000266,0.000423,-0.000038,-0.002093,0.000000,  16.087,     0.3
    36.0,0.000244,0.000405,-0.000076,-0.001929,0.000000,  16.085,     0.3
    37.0,0.000217,0.000362,-0.000038,-0.001382,0.000000,  16.088,     0.3
    38.0,0.000366,0.000373,-0.000001,-0.001796,0.000000,  16.081,     0.3
    39.0,0.000393,0.000488,-0.000003,-0.001585,0.000000,  16.078,     0.3
    40.0,0.000361,0.000480,0.000106,-0.001819,0.000000,  16.084,     0.3
    41.0,0.000307,0.000443,-0.000003,-0.001859,0.000000,  16.081,     0.3
    42.0,0.000280,0.000413,-0.000003,-0.002038,0.000000,  16.073,     0.3
    43.0,0.000307,0.000428,-0.000076,-0.001897,0.000000,  16.080,     0.4
    44.0,0.000311,0.000442,-0.000038,-0.002179,0.000000,  16.077,     0.4
    45.0,0.000325,0.000460,-0.000001,-0.002672,0.000000,  16.075,     0.4
    46.0,0.000361,0.000521,-0.000001,-0.002531,0.000000,  16.067,     0.4
    47.0,0.000397,0.000546,-0.000038,-0.002148,0.000000,  16.063,     0.4
    48.0,0.000406,0.000550,-0.000038,-0.001937,0.000000,  16.068,     0.4
    49.0,0.000424,0.000568,-0.000001,-0.002693,0.000000,  16.069,     0.4
    50.0,0.000406,0.000579,-0.000038,-0.002460,0.000000,  16.063,     0.4
    51.0,0.000428,0.000582,-0.000038,-0.002672,0.000000,  16.056,     0.4
    52.0,0.000419,0.000604,-0.000112,-0.002211,0.000000,  16.059,     0.4
    53.0,0.000428,0.000586,-0.000038,-0.000579,0.000000,  16.055,     0.4
    54.0,0.000437,0.000594,-0.000038,-0.001210,0.000000,  16.055,     0.4
    55.0,0.000437,0.000590,-0.000112,-0.001405,0.000000,  16.048,     0.5
    56.0,0.000446,0.000587,-0.000074,-0.001843,0.000000,  16.057,     0.5
    57.0,0.000451,0.000583,-0.000074,0.000044,0.000000,  16.057,     0.5
    58.0,0.000464,0.000568,-0.000148,-0.000003,0.000000,  16.052,     0.5
    59.0,0.000478,0.000579,-0.000074,-0.001233,0.000000,  16.052,     0.5
    60.0,0.000464,0.000586,-0.000038,-0.002363,0.000000,  16.051,     0.5
    61.0,0.000473,0.000572,-0.000038,-0.001858,0.000000,  16.060,     0.5
    62.0,0.000482,0.000579,-0.000038,-0.001965,0.000000,  16.056,     0.5
    63.0,0.000478,0.000576,0.000000,-0.001896,0.000000,  16.055,     0.5
    64.0,0.000478,0.000572,-0.000150,-0.001921,0.000000,  16.053,     0.5
    65.0,0.000478,0.000572,-0.000150,-0.002101,0.000000,  16.047,     0.5
    66.0,0.000446,0.000561,-0.000148,-0.001819,0.000000,  16.040,     0.6
    67.0,0.000433,0.000572,-0.000036,-0.001741,0.000000,  16.045,     0.6
    68.0,0.000442,0.000547,0.000036,-0.000641,0.000000,  16.043,     0.6
    69.0,0.000451,0.000554,0.000000,-0.001054,0.000000,  16.049,     0.6
    70.0,0.000442,0.000547,-0.000074,-0.001546,0.000000,  16.047,     0.6
    71.0,0.000460,0.000532,-0.000074,-0.000883,0.000000,  16.047,     0.6
    72.0,0.000451,0.000543,-0.000038,-0.001155,0.000000,  16.049,     0.6
    73.0,0.000428,0.000536,-0.000223,-0.001327,0.000000,  16.048,     0.6
    74.0,0.000428,0.000543,-0.000186,-0.001851,0.000000,  16.052,     0.6
    75.0,0.000424,0.000524,-0.000148,-0.002070,0.000000,  16.058,     0.6
    76.0,0.000428,0.000532,-0.000148,-0.000423,0.000000,  16.057,     0.6
    77.0,0.000442,0.000539,-0.000148,-0.001038,0.000000,  16.057,     0.6
    78.0,0.000437,0.000514,-0.000111,-0.001568,0.000000,  16.060,     0.6
    79.0,0.000451,0.000517,-0.000185,-0.001725,0.000000,  16.053,     0.7
    80.0,0.000455,0.000528,-0.000223,-0.000906,0.000000,  16.060,     0.7
    81.0,0.000446,0.000528,-0.000111,-0.001872,0.000000,  16.066,     0.7
    82.0,0.000464,0.000528,-0.000074,-0.001623,0.000000,  16.065,     0.7
    83.0,0.000473,0.000518,-0.000148,-0.001474,0.000000,  16.070,     0.7
    84.0,0.000460,0.000521,-0.000038,-0.000229,0.000000,  16.066,     0.7
    85.0,0.000469,0.000539,-0.000038,-0.000758,0.000000,  16.071,     0.7
    86.0,0.000442,0.000539,-0.000039,0.000525,0.000000,  16.070,     0.7
    87.0,0.000428,0.000539,-0.000038,0.000905,0.000000,  16.075,     0.7
    88.0,0.000455,0.000561,-0.000148,-0.001241,0.000000,  16.074,     0.7
    89.0,0.000478,0.000572,-0.000039,-0.001233,0.000000,  16.071,     0.7
    90.0,0.000464,0.000580,-0.000076,-0.000112,0.000000,  16.070,     0.8
    91.0,0.000487,0.000587,-0.000001,-0.000524,0.000000,  16.071,     0.8
    92.0,0.000469,0.000583,0.000035,0.000572,0.000000,  16.074,     0.8
    93.0,0.000469,0.000583,-0.000001,0.001262,0.000000,  16.068,     0.8
    94.0,0.000465,0.000590,0.000035,0.000875,0.000000,  16.073,     0.8
    95.0,0.000483,0.000594,-0.000077,0.000300,0.000000,  16.072,     0.8
    96.0,0.000474,0.000576,-0.000003,0.000681,0.000000,  16.074,     0.8
    97.0,0.000474,0.000569,-0.000039,0.001014,0.000000,  16.072,     0.8
    98.0,0.000510,0.000583,-0.000076,0.000324,0.000000,  16.072,     0.8
    99.0,0.000523,0.000598,-0.000114,-0.000446,0.000000,  16.068,     0.8
   100.0,0.000546,0.000624,-0.000039,0.000161,0.000000,  16.073,     0.8
   101.0,0.000600,0.000656,0.000035,-0.001109,0.000000,  16.065,     0.8
   102.0,0.000745,0.000697,-0.000039,-0.001382,0.000000,  16.070,     0.9
   103.0,0.001279,0.000855,0.000071,0.000283,0.000000,  16.068,     0.9
   104.0,0.002553,0.001300,0.000106,0.000683,0.000000,  16.072,     0.9
   105.0,0.005754,0.002264,0.000178,0.002935,0.000000,  16.074,     0.9
   106.0,0.012199,0.004153,0.000433,0.004099,0.000000,  16.070,     0.9
   107.0,0.019680,0.007426,0.001164,0.006190,0.000000,  16.064,     0.9
   108.0,0.027941,0.011273,0.001931,0.006817,0.000000,  16.073,     0.9
   109.0,0.037350,0.015028,0.002772,0.008778,0.000000,  16.072,     0.9
   110.0,0.047150,0.018977,0.003727,0.008891,0.000000,  16.068,     0.9
   111.0,0.057169,0.024258,0.004940,0.009591,0.000000,  16.071,     0.9
   112.0,0.066912,0.028841,0.005899,0.009666,0.000000,  16.070,     0.9
   113.0,0.076679,0.032831,0.006897,0.009775,0.000000,  16.070,     0.9
   114.0,0.083740,0.036201,0.007822,0.009935,0.000000,  16.066,     0.9
   115.0,0.091434,0.040272,0.008899,0.009365,0.000000,  16.066,     1.0
   116.0,0.100211,0.044168,0.009680,0.010848,0.000000,  16.066,     1.0
   117.0,0.107953,0.047873,0.010686,0.010507,0.000000,  16.065,     1.0
   118.0,0.109658,0.050051,0.011582,0.012350,0.000000,  16.064,     1.0
   119.0,0.109780,0.050542,0.012069,0.011586,0.000000,  16.061,     1.0
   120.0,0.108628,0.050210,0.012070,0.010798,0.000000,  16.056,     1.0
   121.0,0.108683,0.050003,0.011920,0.011785,0.000000,  16.065,     1.0
   122.0,0.109516,0.050337,0.011882,0.012522,0.000000,  16.062,     1.0
   123.0,0.110257,0.050797,0.011958,0.011705,0.000000,  16.067,     1.0
   124.0,0.110202,0.051014,0.012070,0.011212,0.000000,  16.064,     1.0
   125.0,0.110083,0.051021,0.012144,0.010613,0.000000,  16.052,     1.0
   126.0,0.110231,0.051100,0.012106,0.011839,0.000000,  16.059,     1.0
   127.0,0.110721,0.051295,0.012144,0.012245,0.000000,  16.065,     1.1
   128.0,0.111791,0.051498,0.012331,0.010769,0.000000,  16.064,     1.1
   129.0,0.109911,0.051684,0.012443,0.009904,0.000000,  16.061,     1.1
   130.0,0.099709,0.048375,0.012219,0.009580,0.000000,  16.060,     1.1
   131.0,0.088722,0.043732,0.011582,0.010875,0.000000,  16.056,     1.1
   132.0,0.082024,0.039675,0.010760,0.010569,0.000000,  16.061,     1.1
   133.0,0.076085,0.036558,0.009791,0.011637,0.000000,  16.063,     1.1
   134.0,0.068561,0.033335,0.009085,0.010977,0.000000,  16.060,     1.1
   135.0,0.063138,0.030594,0.008305,0.010435,0.000000,  16.059,     1.1
   136.0,0.059545,0.028335,0.007711,0.011292,0.000000,  16.060,     1.1
   137.0,0.056695,0.026889,0.007119,0.011650,0.000000,  16.056,     1.1
   138.0,0.053878,0.025742,0.006860,0.011788,0.000000,  16.057,     1.1
   139.0,0.051879,0.024793,0.006564,0.010942,0.000000,  16.058,     1.2
   140.0,0.050082,0.023745,0.006269,0.011937,0.000000,  16.055,     1.2
   141.0,0.048470,0.023036,0.006010,0.011312,0.000000,  16.056,     1.2
   142.0,0.046728,0.022370,0.005789,0.011663,0.000000,  16.051,     1.2
   143.0,0.045456,0.021666,0.005567,0.011580,0.000000,  16.050,     1.2
   144.0,0.044258,0.021168,0.005420,0.010028,0.000000,  16.045,     1.2
   145.0,0.043162,0.020683,0.005309,0.009265,0.000000,  16.044,     1.2
   146.0,0.041902,0.020252,0.005088,0.010417,0.000000,  16.048,     1.2
   147.0,0.041045,0.019769,0.004941,0.010420,0.000000,  16.046,     1.2
   148.0,0.040183,0.019440,0.004793,0.010094,0.000000,  16.047,     1.2
   149.0,0.039194,0.019111,0.004645,0.010453,0.000000,  16.043,     1.2
   150.0,0.038494,0.018812,0.004720,0.009938,0.000000,  16.043,     1.3
   151.0,0.037824,0.018512,0.004499,0.010109,0.000000,  16.040,     1.3
   152.0,0.037188,0.018288,0.004314,0.008266,0.000000,  16.033,     1.3
   153.0,0.036485,0.018073,0.004277,0.007871,0.000000,  16.043,     1.3
   154.0,0.035993,0.017859,0.004278,0.009264,0.000000,  16.052,     1.3
   155.0,0.035493,0.017673,0.004094,0.010142,0.000000,  16.049,     1.3
   156.0,0.034986,0.017545,0.004020,0.007744,0.000000,  16.055,     1.3
   157.0,0.034551,0.017404,0.004058,0.008157,0.000000,  16.058,     1.3
   158.0,0.034171,0.017279,0.004022,0.008510,0.000000,  16.055,     1.3
   159.0,0.033804,0.017173,0.004022,0.008895,0.000000,  16.053,     1.3
   160.0,0.033463,0.017112,0.003948,0.008455,0.000000,  16.058,     1.3
   161.0,0.033181,0.017043,0.003948,0.009113,0.000000,  16.054,     1.3
   162.0,0.032947,0.017005,0.003911,0.009577,0.000000,  16.053,     1.4
   163.0,0.032659,0.016956,0.003875,0.008287,0.000000,  16.056,     1.4
   164.0,0.032456,0.016942,0.003764,0.008182,0.000000,  16.057,     1.4
   165.0,0.032281,0.016929,0.003690,0.008707,0.000000,  16.059,     1.4
   166.0,0.032134,0.016924,0.003727,0.007481,0.000000,  16.053,     1.4
   167.0,0.031977,0.016954,0.003653,0.007457,0.000000,  16.062,     1.4
   168.0,0.031884,0.017009,0.003764,0.008082,0.000000,  16.061,     1.4
   169.0,0.031791,0.017044,0.003801,0.007930,0.000000,  16.063,     1.4
   170.0,0.031707,0.017098,0.003578,0.008368,0.000000,  16.064,     1.4
   171.0,0.031653,0.017178,0.003616,0.009401,0.000000,  16.063,     1.4
   172.0,0.031601,0.017288,0.003617,0.009238,0.000000,  16.060,     1.4
   173.0,0.031567,0.017383,0.003579,0.009806,0.000000,  16.055,     1.4
   174.0,0.031558,0.017476,0.003653,0.009531,0.000000,  16.060,     1.5
   175.0,0.031564,0.017598,0.003578,0.010132,0.000000,  16.058,     1.5
   176.0,0.031593,0.017765,0.003617,0.009288,0.000000,  16.051,     1.5
   177.0,0.031633,0.017910,0.003579,0.008384,0.000000,  16.050,     1.5
   178.0,0.031701,0.018058,0.003542,0.007641,0.000000,  16.053,     1.5
   179.0,0.031792,0.018249,0.003690,0.007641,0.000000,  16.060,     1.5
   180.0,0.031913,0.018458,0.003578,0.008740,0.000000,  16.055,     1.5
   181.0,0.032050,0.018658,0.003615,0.009560,0.000000,  16.052,     1.5
   182.0,0.032235,0.018858,0.003727,0.008493,0.000000,  16.051,     1.5
   183.0,0.032462,0.019154,0.003689,0.009176,0.000000,  16.054,     1.5
   184.0,0.032735,0.019388,0.003689,0.008409,0.000000,  16.044,     1.5
   185.0,0.033071,0.019635,0.003764,0.008306,0.000000,  16.046,     1.5
   186.0,0.033411,0.019950,0.003837,0.009785,0.000000,  16.040,     1.5
   187.0,0.033850,0.020235,0.003947,0.009033,0.000000,  16.040,     1.6
   188.0,0.034449,0.020553,0.003947,0.010085,0.000000,  16.039,     1.6
   189.0,0.035074,0.020927,0.004058,0.009694,0.000000,  16.032,     1.6
   190.0,0.035773,0.021393,0.004020,0.010045,0.000000,  16.043,     1.6
   191.0,0.036534,0.021812,0.004131,0.010395,0.000000,  16.040,     1.6
   192.0,0.037573,0.022268,0.004094,0.010091,0.000000,  16.032,     1.6
   193.0,0.038495,0.022755,0.004278,0.010117,0.000000,  16.045,     1.6
   194.0,0.039482,0.023375,0.004499,0.009870,0.000000,  16.050,     1.6
   195.0,0.040481,0.023885,0.004535,0.011042,0.000000,  16.049,     1.6
   196.0,0.041728,0.024402,0.004645,0.011010,0.000000,  16.044,     1.6
   197.0,0.042713,0.025070,0.004793,0.010844,0.000000,  16.042,     1.6
   198.0,0.043705,0.025569,0.004829,0.010923,0.000000,  16.053,     1.6
   199.0,0.044887,0.026076,0.004940,0.011007,0.000000,  16.043,     1.7
   200.0,0.045764,0.026594,0.005050,0.010974,0.000000,  16.044,     1.7
   201.0,0.046629,0.027132,0.005161,0.010511,0.000000,  16.045,     1.7
   202.0,0.047479,0.027575,0.005235,0.009826,0.000000,  16.043,     1.7
   203.0,0.048347,0.027967,0.005345,0.010594,0.000000,  16.040,     1.7
   204.0,0.048974,0.028386,0.005493,0.009335,0.000000,  16.044,     1.7
   205.0,0.049556,0.028779,0.005566,0.009477,0.000000,  16.046,     1.7
   206.0,0.050132,0.029120,0.005714,0.009830,0.000000,  16.044,     1.7
   207.0,0.050566,0.029426,0.005788,0.009824,0.000000,  16.048,     1.7
   208.0,0.050878,0.029711,0.005750,0.009474,0.000000,  16.050,     1.7
   209.0,0.051095,0.029941,0.005825,0.009168,0.000000,  16.049,     1.7
   210.0,0.051231,0.030145,0.005936,0.008668,0.000000,  16.047,     1.8
   211.0,0.051190,0.030334,0.006084,0.008584,0.000000,  16.045,     1.8
   212.0,0.051032,0.030455,0.006047,0.010555,0.000000,  16.049,     1.8
   213.0,0.050642,0.030530,0.005899,0.009523,0.000000,  16.044,     1.8
   214.0,0.050177,0.030533,0.005824,0.009268,0.000000,  16.042,     1.8
   215.0,0.049637,0.030522,0.005973,0.010475,0.000000,  16.051,     1.8
   216.0,0.048930,0.030434,0.005825,0.010761,0.000000,  16.050,     1.8
   217.0,0.047919,0.030322,0.005714,0.010920,0.000000,  16.043,     1.8
   218.0,0.047039,0.030163,0.005677,0.010840,0.000000,  16.053,     1.8
   219.0,0.046035,0.029885,0.005603,0.009645,0.000000,  16.052,     1.8
   220.0,0.044951,0.029637,0.005493,0.010355,0.000000,  16.054,     1.8
   221.0,0.043533,0.029335,0.005419,0.010522,0.000000,  16.055,     1.8
   222.0,0.042406,0.028955,0.005346,0.009410,0.000000,  16.053,     1.9
   223.0,0.041249,0.028512,0.005161,0.009954,0.000000,  16.055,     1.9
   224.0,0.039981,0.028120,0.005014,0.009523,0.000000,  16.052,     1.9
   225.0,0.038576,0.027675,0.004829,0.008736,0.000000,  16.054,     1.9
   226.0,0.037404,0.027183,0.004719,0.009535,0.000000,  16.053,     1.9
   227.0,0.036244,0.026706,0.004645,0.008808,0.000000,  16.052,     1.9
   228.0,0.034983,0.026261,0.004387,0.008302,0.000000,  16.056,     1.9
   229.0,0.033766,0.025824,0.004388,0.009225,0.000000,  16.055,     1.9
   230.0,0.032680,0.025302,0.004130,0.008954,0.000000,  16.050,     1.9
   231.0,0.031629,0.024891,0.004131,0.008879,0.000000,  16.056,     1.9
   232.0,0.030410,0.024518,0.004021,0.007168,0.000000,  16.052,     1.9
   233.0,0.029424,0.024139,0.003874,0.008295,0.000000,  16.053,     1.9
   234.0,0.028486,0.023678,0.003764,0.008111,0.000000,  16.062,     2.0
   235.0,0.027562,0.023350,0.003617,0.007356,0.000000,  16.059,     2.0
   236.0,0.026465,0.023021,0.003432,0.007390,0.000000,  16.054,     2.0
   237.0,0.025608,0.022596,0.003397,0.007617,0.000000,  16.051,     2.0
   238.0,0.024734,0.022268,0.003361,0.006911,0.000000,  16.052,     2.0
   239.0,0.023731,0.021915,0.003176,0.006318,0.000000,  16.050,     2.0
   240.0,0.022954,0.021576,0.003029,0.006190,0.000000,  16.053,     2.0
   241.0,0.022187,0.021166,0.002956,0.006007,0.000000,  16.055,     2.0
   242.0,0.021409,0.020826,0.002845,0.005958,0.000000,  16.052,     2.0
   243.0,0.020476,0.020443,0.002772,0.005618,0.000000,  16.045,     2.0
   244.0,0.019794,0.020050,0.002588,0.005243,0.000000,  16.052,     2.0
   245.0,0.019077,0.019543,0.002626,0.005393,0.000000,  16.051,     2.0
   246.0,0.018328,0.019114,0.002479,0.006020,0.000000,  16.054,     2.0
   247.0,0.017536,0.018629,0.002332,0.005350,0.000000,  16.053,     2.1
   248.0,0.016860,0.018077,0.002296,0.005035,0.000000,  16.050,     2.1
   249.0,0.016166,0.017498,0.002186,0.003815,0.000000,  16.052,     2.1
   250.0,0.015416,0.016924,0.002039,0.002856,0.000000,  16.048,     2.1
   251.0,0.014691,0.016346,0.002041,0.004328,0.000000,  16.056,     2.1
   252.0,0.014005,0.015641,0.001819,0.004377,0.000000,  16.052,     2.1
   253.0,0.013325,0.015015,0.001746,0.004304,0.000000,  16.050,     2.1
   254.0,0.012553,0.014400,0.001711,0.004454,0.000000,  16.051,     2.1
   255.0,0.011926,0.013654,0.001638,0.003954,0.000000,  16.052,     2.1
   256.0,0.011332,0.013014,0.001528,0.003007,0.000000,  16.052,     2.1
   257.0,0.010656,0.012410,0.001493,0.001961,0.000000,  16.053,     2.1
   258.0,0.010115,0.011831,0.001383,0.002596,0.000000,  16.053,     2.2
   259.0,0.009606,0.011179,0.001236,0.002868,0.000000,  16.059,     2.2
   260.0,0.009150,0.010683,0.001126,0.002566,0.000000,  16.056,     2.2
   261.0,0.008629,0.010231,0.001052,0.002185,0.000000,  16.056,     2.2
   262.0,0.008237,0.009777,0.001127,0.002736,0.000000,  16.057,     2.2
   263.0,0.007888,0.009267,0.000980,0.003267,0.000000,  16.057,     2.2
   264.0,0.007557,0.008923,0.000944,0.003569,0.000000,  16.062,     2.2
   265.0,0.007180,0.008598,0.000907,0.002035,0.000000,  16.060,     2.2
   266.0,0.006936,0.008239,0.000908,0.002924,0.000000,  16.061,     2.2
   267.0,0.006670,0.008000,0.000761,0.002978,0.000000,  16.055,     2.2
   268.0,0.006377,0.007761,0.000761,0.002737,0.000000,  16.058,     2.2
   269.0,0.006184,0.007541,0.000650,0.003123,0.000000,  16.058,     2.2
   270.0,0.005960,0.007335,0.000688,0.002991,0.000000,  16.051,     2.3
   271.0,0.005749,0.007159,0.000688,0.002635,0.000000,  16.054,     2.3
   272.0,0.005530,0.006995,0.000541,0.001875,0.000000,  16.057,     2.3
   273.0,0.005356,0.006805,0.000617,0.001688,0.000000,  16.055,     2.3
   274.0,0.005187,0.006608,0.000469,0.002232,0.000000,  16.057,     2.3
   275.0,0.004995,0.006427,0.000506,0.002130,0.000000,  16.056,     2.3
   276.0,0.004839,0.006257,0.000507,0.001671,0.000000,  16.056,     2.3
   277.0,0.004684,0.006081,0.000433,0.002106,0.000000,  16.061,     2.3
   278.0,0.004533,0.005914,0.000322,0.001919,0.000000,  16.057,     2.3
   279.0,0.004333,0.005753,0.000360,0.002221,0.000000,  16.057,     2.3
   280.0,0.004160,0.005545,0.000434,0.002421,0.000000,  16.055,     2.3
   281.0,0.003964,0.005296,0.000251,0.002126,0.000000,  16.055,     2.3
   282.0,0.003713,0.005011,0.000104,0.001040,0.000000,  16.061,     2.3
   283.0,0.003303,0.004699,-0.000080,0.000755,0.000000,  16.056,     2.4
   284.0,0.002812,0.004129,-0.000224,0.000990,0.000000,  16.063,     2.4
   285.0,0.002113,0.003481,-0.000514,-0.000051,0.000000,  16.067,     2.4
   286.0,0.000808,0.002525,-0.001061,-0.000308,0.000000,  16.064,     2.4
   287.0,-0.000646,0.001225,-0.001749,-0.001441,0.000000,  16.064,     2.4
   288.0,-0.002486,-0.000914,-0.003014,-0.003095,0.000000,  16.062,     2.4
   289.0,-0.004613,-0.002893,-0.004533,-0.005043,0.000000,  16.066,     2.4
   290.0,-0.007352,-0.005067,-0.006331,-0.008364,0.000000,  16.065,     2.4
   291.0,-0.009288,-0.007247,-0.008619,-0.011126,0.000000,  16.058,     2.4
   292.0,-0.010819,-0.009266,-0.010510,-0.012343,0.000000,  16.056,     2.4
   293.0,-0.011681,-0.010306,-0.011929,-0.015028,0.000000,  16.067,     2.4
   294.0,-0.011800,-0.010707,-0.012888,-0.016372,0.000000,  16.066,     2.5
   295.0,-0.011206,-0.010485,-0.012885,-0.014460,0.000000,  16.067,     2.5
   296.0,-0.010114,-0.009761,-0.012389,-0.012532,0.000000,  16.061,     2.5
   297.0,-0.008505,-0.008698,-0.011436,-0.010029,0.000000,  16.066,     2.5
   298.0,-0.007041,-0.007272,-0.010118,-0.007909,0.000000,  16.064,     2.5
   299.0,-0.005542,-0.005809,-0.008264,-0.005989,0.000000,  16.065,     2.5
   300.0,-0.003880,-0.004406,-0.006871,-0.004894,0.000000,  16.070,     2.5
   301.0,-0.002284,-0.002817,-0.005399,-0.002259,0.000000,  16.053,     2.5
   302.0,-0.000772,-0.001185,-0.003633,-0.001069,0.000000,  16.066,     2.5
   303.0,0.000826,0.000390,-0.002331,0.000018,0.000000,  16.065,     2.5
   304.0,0.002844,0.002074,-0.000877,0.002082,0.000000,  16.064,     2.5
   305.0,0.004561,0.004202,0.000615,0.003592,0.000000,  16.062,     2.5
   306.0,0.006198,0.005969,0.002296,0.005276,0.000000,  16.069,     2.5
   307.0,0.007716,0.007648,0.003616,0.006102,0.000000,  16.069,     2.6
   308.0,0.009162,0.009054,0.004755,0.007824,0.000000,  16.058,     2.6
   309.0,0.009873,0.010244,0.005935,0.008186,0.000000,  16.059,     2.6
   310.0,0.010224,0.010724,0.006674,0.008666,0.000000,  16.073,     2.6
   311.0,0.010233,0.010871,0.006970,0.007767,0.000000,  16.071,     2.6
   312.0,0.009836,0.010654,0.007044,0.007928,0.000000,  16.069,     2.6
   313.0,0.009277,0.010075,0.006748,0.008312,0.000000,  16.072,     2.6
   314.0,0.008627,0.009433,0.006267,0.007587,0.000000,  16.071,     2.6
   315.0,0.007767,0.008697,0.005787,0.005918,0.000000,  16.068,     2.6
   316.0,0.007069,0.007920,0.005234,0.005529,0.000000,  16.072,     2.6
   317.0,0.006371,0.007021,0.004645,0.005767,0.000000,  16.070,     2.6
   318.0,0.005698,0.006350,0.004094,0.005054,0.000000,  16.054,     2.7
   319.0,0.005036,0.005713,0.003578,0.005396,0.000000,  16.065,     2.7
   320.0,0.004561,0.005059,0.003102,0.005057,0.000000,  16.053,     2.7
   321.0,0.004082,0.004584,0.002735,0.004256,0.000000,  16.047,     2.7
   322.0,0.003640,0.004132,0.002368,0.003743,0.000000,  16.046,     2.7
   323.0,0.003335,0.003711,0.002076,0.002911,0.000000,  16.037,     2.7
   324.0,0.003031,0.003374,0.001784,0.003406,0.000000,  16.019,     2.7
   325.0,0.002749,0.003082,0.001527,0.003521,0.000000,  16.005,     2.7
   326.0,0.002485,0.002819,0.001382,0.002761,0.000000,  15.979,     2.7
   327.0,0.002308,0.002543,0.001199,0.001892,0.000000,  15.954,     2.7
   328.0,0.002154,0.002355,0.000942,0.002364,0.000000,  15.935,     2.7
   329.0,0.001981,0.002189,0.000833,0.002750,0.000000,  15.911,     2.7
   330.0,0.001832,0.001998,0.000834,0.002703,0.000000,  15.900,     2.8
   331.0,0.001737,0.001847,0.000652,0.002401,0.000000,  15.917,     2.8
   332.0,0.001641,0.001755,0.000579,0.002052,0.000000,  15.951,     2.8
   333.0,0.001533,0.001681,0.000430,0.001556,0.000000,  16.012,     2.8
   334.0,0.001474,0.001585,0.000432,0.002312,0.000000,  16.106,     2.8
   335.0,0.001419,0.001519,0.000433,0.001950,0.000000,  16.247,     2.8
   336.0,0.001333,0.001452,0.000286,0.002668,0.000000,  16.424,     2.8
   337.0,0.001266,0.001401,0.000360,0.002583,0.000000,  16.647,     2.8
   338.0,0.001229,0.001357,0.000287,0.001963,0.000000,  16.913,     2.8
   339.0,0.001193,0.001331,0.000176,0.001800,0.000000,  17.221,     2.8
   340.0,0.001175,0.001305,0.000178,0.001661,0.000000,  17.557,     2.8
   341.0,0.001170,0.001276,0.000104,0.001946,0.000000,  17.929,     2.8
   342.0,0.001130,0.001265,0.000141,0.001746,0.000000,  18.303,     2.8
   343.0,0.001125,0.001268,0.000105,0.000846,0.000000,  18.674,     2.9
   344.0,0.001130,0.001265,0.000069,0.001264,0.000000,  19.029,     2.9
   345.0,0.001130,0.001265,0.000106,0.001179,0.000000,  19.366,     2.9
   346.0,0.001130,0.001290,0.000069,0.001777,0.000000,  19.660,     2.9
   347.0,0.001161,0.001294,-0.000006,0.002000,0.000000,  19.902,     2.9
   348.0,0.001175,0.001316,0.000032,0.001566,0.000000,  20.067,     2.9
   349.0,0.001202,0.001324,0.000069,0.001512,0.000000,  20.189,     2.9
   350.0,0.001238,0.001353,-0.000006,0.001009,0.000000,  20.241,     2.9
   351.0,0.001288,0.001364,0.000032,0.001149,0.000000,  20.227,     2.9
   352.0,0.001338,0.001390,0.000032,0.000822,0.000000,  20.151,     2.9
   353.0,0.001406,0.001445,-0.000116,0.001475,0.000000,  20.030,     2.9
   354.0,0.001524,0.001467,-0.000042,0.001777,0.000000,  19.860,     3.0
   355.0,0.001687,0.001526,-0.000079,0.002265,0.000000,  19.654,     3.0
   356.0,0.001837,0.001600,0.000032,0.002451,0.000000,  19.419,     3.0
   357.0,0.002054,0.001681,0.000032,0.002011,0.000000,  19.179,     3.0
   358.0,0.002295,0.001799,-0.000042,0.001485,0.000000,  18.919,     3.0
   359.0,0.002726,0.001942,0.000069,0.001186,0.000000,  18.666,     3.0
   360.0,0.003126,0.002156,0.000105,0.001172,0.000000,  18.408,     3.0
   361.0,0.003668,0.002385,0.000104,0.001177,0.000000,  18.168,     3.0
   362.0,0.004502,0.002673,0.000251,0.002330,0.000000,  17.942,     3.0
   363.0,0.005351,0.003045,0.000324,0.002262,0.000000,  17.722,     3.0
   364.0,0.006395,0.003566,0.000395,0.002816,0.000000,  17.534,     3.0
   365.0,0.007698,0.004077,0.000579,0.003466,0.000000,  17.353,     3.0
   366.0,0.009398,0.004688,0.000614,0.003406,0.000000,  17.195,     3.0
   367.0,0.010988,0.005453,0.000871,0.003068,0.000000,  17.052,     3.1
   368.0,0.012682,0.006252,0.001053,0.003194,0.000000,  16.921,     3.1
   369.0,0.014582,0.007001,0.001234,0.004062,0.000000,  16.803,     3.1
   370.0,0.016328,0.007707,0.001491,0.003653,0.000000,  16.711,     3.1
   371.0,0.017737,0.008480,0.001674,0.003159,0.000000,  16.625,     3.1
   372.0,0.018985,0.009030,0.001709,0.004050,0.000000,  16.549,     3.1
   373.0,0.019830,0.009427,0.002004,0.004105,0.000000,  16.488,     3.1
   374.0,0.020218,0.009711,0.002076,0.004044,0.000000,  16.431,     3.1
   375.0,0.020228,0.009746,0.002113,0.004044,0.000000,  16.376,     3.1
   376.0,0.019807,0.009635,0.002113,0.004075,0.000000,  16.346,     3.1
   377.0,0.019090,0.009390,0.002151,0.003532,0.000000,  16.307,     3.1
   378.0,0.018175,0.008929,0.002041,0.003314,0.000000,  16.280,     3.2
   379.0,0.017061,0.008479,0.002004,0.003218,0.000000,  16.253,     3.2
   380.0,0.015520,0.007948,0.001893,0.003387,0.000000,  16.230,     3.2
   381.0,0.014285,0.007396,0.001674,0.003098,0.000000,  16.211,     3.2
   382.0,0.013008,0.006688,0.001528,0.003352,0.000000,  16.199,     3.2
   383.0,0.011758,0.006141,0.001306,0.003195,0.000000,  16.173,     3.2
   384.0,0.010290,0.005594,0.001272,0.002412,0.000000,  16.167,     3.2
   385.0,0.009237,0.005041,0.001053,0.002177,0.000000,  16.155,     3.2
   386.0,0.008246,0.004496,0.000906,0.002255,0.000000,  16.145,     3.2
   387.0,0.007285,0.004092,0.000871,0.001087,0.000000,  16.138,     3.2
   388.0,0.006331,0.003678,0.000650,0.001475,0.000000,  16.123,     3.2
   389.0,0.005626,0.003285,0.000615,0.001685,0.000000,  16.121,     3.2
   390.0,0.004968,0.002983,0.000542,0.001543,0.000000,  16.114,     3.3
   391.0,0.004329,0.002706,0.000432,0.001333,0.000000,  16.108,     3.3
   392.0,0.003887,0.002448,0.000359,0.001397,0.000000,  16.101,     3.3
   393.0,0.003481,0.002230,0.000433,0.001356,0.000000,  16.099,     3.3
   394.0,0.003113,0.002035,0.000322,0.000324,0.000000,  16.096,     3.3
   395.0,0.002785,0.001888,0.000324,0.000962,0.000000,  16.096,     3.3
   396.0,0.002535,0.001726,0.000324,0.001125,0.000000,  16.094,     3.3
   397.0,0.002299,0.001564,0.000249,0.001536,0.000000,  16.092,     3.3
   398.0,0.002072,0.001436,0.000178,0.001597,0.000000,  16.090,     3.3
   399.0,0.001913,0.001347,0.000141,0.001543,0.000000,  16.082,     3.3
   400.0,0.001764,0.001277,-0.000007,0.000993,0.000000,  16.086,     3.3
   401.0,0.001623,0.001203,0.000031,0.001488,0.000000,  16.085,     3.3
   402.0,0.001510,0.001137,-0.000007,0.000799,0.000000,  16.082,     3.3
   403.0,0.001397,0.001097,0.000105,0.000666,0.000000,  16.084,     3.4
   404.0,0.001306,0.001023,0.000105,0.000216,0.000000,  16.086,     3.4
   405.0,0.001243,0.001012,0.000067,0.001482,0.000000,  16.070,     3.4
   406.0,0.001157,0.000990,0.000105,0.001929,0.000000,  16.081,     3.4
   407.0,0.001107,0.000960,0.000031,0.001658,0.000000,  16.069,     3.4
   408.0,0.001066,0.000931,-0.000080,0.001790,0.000000,  16.077,     3.4
   409.0,0.001021,0.000898,0.000143,0.001729,0.000000,  16.074,     3.4
   410.0,0.000989,0.000869,-0.000006,0.000398,0.000000,  16.072,     3.4
   411.0,0.000976,0.000821,0.000032,0.001075,0.000000,  16.066,     3.4
   412.0,0.000944,0.000810,0.000069,0.001502,0.000000,  16.068,     3.4
   413.0,0.000935,0.000784,-0.000006,0.001248,0.000000,  16.064,     3.4
   414.0,0.000917,0.000777,0.000105,0.000976,0.000000,  16.072,     3.5
   415.0,0.000885,0.000766,0.000141,0.001363,0.000000,  16.060,     3.5
   416.0,0.000863,0.000766,0.000104,0.001634,0.000000,  16.070,     3.5
   417.0,0.000840,0.000766,0.000178,0.000013,0.000000,  16.065,     3.5
   418.0,0.000840,0.000784,0.000104,0.000122,0.000000,  16.063,     3.5
   419.0,0.000813,0.000773,0.000140,0.001271,0.000000,  16.059,     3.5
   420.0,0.000813,0.000751,0.000214,0.000877,0.000000,  16.061,     3.5
   421.0,0.000813,0.000740,0.000360,0.000216,0.000000,  16.057,     3.5
   422.0,0.000786,0.000751,0.000360,0.000394,0.000000,  16.063,     3.5
   423.0,0.000768,0.000733,0.000324,0.001000,0.000000,  16.057,     3.5
   424.0,0.000763,0.000725,0.000322,0.000615,0.000000,  16.056,     3.5
   425.0,0.000754,0.000721,0.000360,0.000983,0.000000,  16.057,     3.5
   426.0,0.000754,0.000721,0.000396,0.001472,0.000000,  16.056,     3.5
   427.0,0.000727,0.000714,0.000322,0.001634,0.000000,  16.053,     3.6
   428.0,0.000740,0.000707,0.000360,0.001143,0.000000,  16.053,     3.6
   429.0,0.000763,0.000689,0.000360,0.001377,0.000000,  16.051,     3.6
   430.0,0.000754,0.000689,0.000395,0.001401,0.000000,  16.051,     3.6
   431.0,0.000731,0.000685,0.000396,0.000677,0.000000,  16.041,     3.6
   432.0,0.000736,0.000667,0.000360,0.000300,0.000000,  16.051,     3.6
   433.0,0.000727,0.000638,0.000248,0.001007,0.000000,  16.056,     3.6
   434.0,0.000718,0.000634,0.000360,0.000316,0.000000,  16.054,     3.6
   435.0,0.000704,0.000623,0.000286,0.001139,0.000000,  16.054,     3.6
   436.0,0.000700,0.000616,0.000361,0.000775,0.000000,  16.059,     3.6
   437.0,0.000668,0.000626,0.000287,0.000697,0.000000,  16.061,     3.6
   438.0,0.000686,0.000601,0.000213,0.000231,0.000000,  16.060,     3.7
   439.0,0.000700,0.000608,0.000140,0.000091,0.000000,  16.063,     3.7
   440.0,0.000650,0.000608,0.000251,0.000830,0.000000,  16.063,     3.7
   441.0,0.000650,0.000586,0.000104,0.000976,0.000000,  16.067,     3.7
   442.0,0.000645,0.000586,0.000141,-0.000399,0.000000,  16.065,     3.7
   443.0,0.000623,0.000561,0.000141,0.000099,0.000000,  16.064,     3.7
   444.0,0.000636,0.000561,0.000067,0.000347,0.000000,  16.062,     3.7
   445.0,0.000650,0.000582,0.000069,0.000075,0.000000,  16.064,     3.7
   446.0,0.000623,0.000586,0.000069,0.000177,0.000000,  16.062,     3.7
   447.0,0.000614,0.000571,0.000069,0.001085,0.000000,  16.057,     3.7
   448.0,0.000641,0.000568,0.000069,0.001410,0.000000,  16.051,     3.7
   449.0,0.000623,0.000582,-0.000042,0.001302,0.000000,  16.065,     3.7
   450.0,0.000627,0.000571,0.000032,0.001682,0.000000,  16.057,     3.8
   451.0,0.000609,0.000542,-0.000004,-0.000261,0.000000,  16.060,     3.8
   452.0,0.000605,0.000553,-0.000042,0.000532,0.000000,  16.063,     3.8
   453.0,0.000618,0.000553,-0.000004,0.001285,0.000000,  16.056,     3.8
   454.0,0.000605,0.000531,-0.000004,0.001448,0.000000,  16.063,     3.8
   455.0,0.000596,0.000557,-0.000116,0.000269,0.000000,  16.061,     3.8
   456.0,0.000564,0.000557,-0.000115,-0.000339,0.000000,  16.056,     3.8
   457.0,0.000569,0.000535,-0.000115,-0.000735,0.000000,  16.055,     3.8
   458.0,0.000578,0.000532,-0.000153,-0.000439,0.000000,  16.063,     3.8
   459.0,0.000564,0.000528,-0.000039,-0.000197,0.000000,  16.057,     3.8
   460.0,0.000533,0.000538,-0.000115,0.000813,0.000000,  16.061,     3.8
   461.0,0.000533,0.000528,-0.000039,0.001441,0.000000,  16.056,     3.8
   462.0,0.000551,0.000535,-0.000151,0.001634,0.000000,  16.060,     3.8
   463.0,0.000546,0.000531,-0.000115,0.000839,0.000000,  16.054,     3.9
   464.0,0.000537,0.000531,-0.000077,0.000570,0.000000,  16.056,     3.9
   465.0,0.000523,0.000513,-0.000077,-0.000471,0.000000,  16.053,     3.9
   466.0,0.000532,0.000534,-0.000151,0.000064,0.000000,  16.059,     3.9
   467.0,0.000537,0.000542,-0.000114,0.000478,0.000000,  16.058,     3.9
   468.0,0.000537,0.000542,-0.000077,0.001370,0.000000,  16.056,     3.9
   469.0,0.000537,0.000549,-0.000188,0.001478,0.000000,  16.053,     3.9
   470.0,0.000537,0.000520,-0.000150,0.000960,0.000000,  16.067,     3.9
   471.0,0.000542,0.000527,-0.000114,0.000882,0.000000,  16.066,     3.9
   472.0,0.000537,0.000491,-0.000077,0.001207,0.000000,  16.069,     3.9
   473.0,0.000532,0.000502,-0.000114,0.001912,0.000000,  16.070,     3.9
   474.0,0.000546,0.000480,-0.000151,0.001526,0.000000,  16.068,     4.0
   475.0,0.000541,0.000516,-0.000188,0.000898,0.000000,  16.068,     4.0
   476.0,0.000537,0.000495,-0.000150,0.001387,0.000000,  16.074,     4.0
   477.0,0.000514,0.000502,-0.000224,0.001231,0.000000,  16.072,     4.0
   478.0,0.000528,0.000476,-0.000150,0.000184,0.000000,  16.076,     4.0
   479.0,0.000537,0.000481,-0.000150,0.000969,0.000000,  16.079,     4.0
   480.0,0.000537,0.000495,-0.000261,0.000596,0.000000,  16.077,     4.0
   481.0,0.000523,0.000498,-0.000114,0.001068,0.000000,  16.075,     4.0
   482.0,0.000528,0.000495,-0.000224,0.001394,0.000000,  16.079,     4.0
   483.0,0.000514,0.000498,-0.000335,0.001417,0.000000,  16.075,     4.0
   484.0,0.000523,0.000502,-0.000224,0.001333,0.000000,  16.074,     4.0
   485.0,0.000523,0.000513,-0.000224,0.001394,0.000000,  16.074,     4.0
   486.0,0.000528,0.000516,-0.000150,-0.000354,0.000000,  16.068,     4.1
   487.0,0.000523,0.000516,-0.000150,-0.000074,0.000000,  16.074,     4.1
   488.0,0.000551,0.000473,-0.000224,-0.000185,0.000000,  16.063,     4.1
   489.0,0.000541,0.000470,-0.000224,0.000306,0.000000,  16.066,     4.1
   490.0,0.000523,0.000470,-0.000261,0.000997,0.000000,  16.068,     4.1
   491.0,0.000514,0.000487,-0.000224,0.001285,0.000000,  16.069,     4.1
   492.0,0.000505,0.000509,-0.000297,0.000095,0.000000,  16.070,     4.1
   493.0,0.000510,0.000505,-0.000297,0.000258,0.000000,  16.070,     4.1
   494.0,0.000519,0.000509,-0.000297,0.000400,0.000000,  16.068,     4.1
   495.0,0.000532,0.000506,-0.000148,0.000851,0.000000,  16.069,     4.1
   496.0,0.000528,0.000509,-0.000186,0.001092,0.000000,  16.068,     4.1
   497.0,0.000505,0.000506,-0.000333,0.000415,0.000000,  16.060,     4.1
   498.0,0.000514,0.000487,-0.000297,0.000159,0.000000,  16.065,     4.2
   499.0,0.000523,0.000491,-0.000297,0.001262,0.000000,  16.067,     4.2
   500.0,0.000487,0.000509,-0.000150,0.000735,0.000000,  16.068,     4.2
   501.0,0.000469,0.000534,-0.000261,0.000844,0.000000,  16.071,     4.2
   502.0,0.000487,0.000513,-0.000224,0.001526,0.000000,  16.071,     4.2
   503.0,0.000496,0.000545,-0.000299,0.001387,0.000000,  16.066,     4.2
   504.0,0.000483,0.000585,-0.000186,0.001417,0.000000,  16.069,     4.2
   505.0,0.000501,0.000585,-0.000297,0.000752,0.000000,  16.065,     4.2
   506.0,0.000496,0.000585,-0.000186,0.001139,0.000000,  16.070,     4.2
   507.0,0.000492,0.000586,-0.000224,0.001441,0.000000,  16.068,     4.2
   508.0,0.000492,0.000596,-0.000224,0.001394,0.000000,  16.058,     4.2
   509.0,0.000492,0.000589,-0.000188,0.000608,0.000000,  16.070,     4.2
   510.0,0.000469,0.000575,-0.000224,-0.000681,0.000000,  16.069,     4.3
   511.0,0.000478,0.000564,-0.000150,0.000377,0.000000,  16.072,     4.3
   512.0,0.000469,0.000575,-0.000186,0.000407,0.000000,  16.070,     4.3
   513.0,0.000451,0.000564,-0.000224,0.000377,0.000000,  16.067,     4.3
   514.0,0.000447,0.000549,-0.000261,0.000813,0.000000,  16.068,     4.3
   515.0,0.000438,0.000564,-0.000261,0.001030,0.000000,  16.059,     4.3
   516.0,0.000447,0.000563,-0.000261,0.000867,0.000000,  16.069,     4.3
   517.0,0.000465,0.000567,-0.000223,0.001115,0.000000,  16.064,     4.3
   518.0,0.000447,0.000556,-0.000223,0.001573,0.000000,  16.076,     4.3
   519.0,0.000456,0.000560,-0.000186,0.001604,0.000000,  16.071,     4.3
   520.0,0.000451,0.000564,-0.000186,0.001580,0.000000,  16.070,     4.3
   521.0,0.000442,0.000575,-0.000114,0.000922,0.000000,  16.073,     4.3
   522.0,0.000433,0.000556,-0.000186,0.001108,0.000000,  16.067,     4.3
   523.0,0.000442,0.000563,-0.000186,0.001410,0.000000,  16.070,     4.4
   524.0,0.000465,0.000571,-0.000261,0.001387,0.000000,  16.065,     4.4
   525.0,0.000456,0.000578,-0.000186,0.001085,0.000000,  16.076,     4.4
   526.0,0.000451,0.000571,-0.000297,0.000867,0.000000,  16.064,     4.4
   527.0,0.000442,0.000553,-0.000297,0.001085,0.000000,  16.076,     4.4
   528.0,0.000411,0.000520,-0.000186,0.001519,0.000000,  16.077,     4.4
   529.0,0.000429,0.000535,-0.000150,0.001363,0.000000,  16.074,     4.4
   530.0,0.000447,0.000535,-0.000261,0.001394,0.000000,  16.078,     4.4
   531.0,0.000433,0.000545,-0.000261,0.000415,0.000000,  16.078,     4.4
   532.0,0.000402,0.000542,-0.000297,0.001129,0.000000,  16.071,     4.4
   533.0,0.000424,0.000527,-0.000223,0.001255,0.000000,  16.069,     4.4
   534.0,0.000406,0.000527,-0.000223,0.001333,0.000000,  16.064,     4.4
   535.0,0.000402,0.000523,-0.000333,0.001139,0.000000,  16.067,     4.5
   536.0,0.000388,0.000527,-0.000297,0.001380,0.000000,  16.059,     4.5
   537.0,0.000379,0.000516,-0.000297,0.001184,0.000000,  16.057,     4.5
   538.0,0.000415,0.000516,-0.000297,0.001011,0.000000,  16.059,     4.5
   539.0,0.000433,0.000520,-0.000259,0.000137,0.000000,  16.059,     4.5
   540.0,0.000424,0.000549,-0.000259,0.000549,0.000000,  16.055,     4.5
   541.0,0.000429,0.000553,-0.000333,0.000875,0.000000,  16.055,     4.5
   542.0,0.000429,0.000560,-0.000333,0.001170,0.000000,  16.054,     4.5
   543.0,0.000420,0.000538,-0.000408,0.001278,0.000000,  16.052,     4.5
   544.0,0.000424,0.000520,-0.000297,0.001163,0.000000,  16.053,     4.5
   545.0,0.000424,0.000509,-0.000297,0.001146,0.000000,  16.058,     4.5
   546.0,0.000402,0.000502,-0.000408,0.001037,0.000000,  16.058,     4.6
   547.0,0.000420,0.000517,-0.000224,0.001224,0.000000,  16.058,     4.6
   548.0,0.000388,0.000506,-0.000297,0.001611,0.000000,  16.058,     4.6
   549.0,0.000379,0.000499,-0.000371,0.000359,0.000000,  16.059,     4.6
   550.0,0.000397,0.000509,-0.000297,0.000478,0.000000,  16.059,     4.6
   551.0,0.000406,0.000513,-0.000223,0.000712,0.000000,  16.058,     4.6
   552.0,0.000420,0.000520,-0.000297,0.001139,0.000000,  16.051,     4.6
   553.0,0.000420,0.000524,-0.000186,0.000867,0.000000,  16.058,     4.6
   554.0,0.000442,0.000542,-0.000186,0.001030,0.000000,  16.059,     4.6
   555.0,0.000447,0.000553,-0.000297,0.000344,0.000000,  16.060,     4.6
   556.0,0.000424,0.000560,-0.000223,0.000742,0.000000,  16.055,     4.6
   557.0,0.000442,0.000556,-0.000297,0.001092,0.000000,  16.056,     4.6
   558.0,0.000433,0.000542,-0.000223,0.001387,0.000000,  16.057,     4.7
   559.0,0.000433,0.000549,-0.000223,0.000922,0.000000,  16.054,     4.7
   560.0,0.000411,0.000528,-0.000297,0.001139,0.000000,  16.054,     4.7
   561.0,0.000424,0.000527,-0.000259,0.001108,0.000000,  16.049,     4.7
   562.0,0.000424,0.000534,-0.000223,0.001302,0.000000,  16.055,     4.7
   563.0,0.000411,0.000524,-0.000297,0.001333,0.000000,  16.059,     4.7
   564.0,0.000415,0.000520,-0.000297,0.000790,0.000000,  16.061,     4.7
   565.0,0.000415,0.000534,-0.000333,0.000626,0.000000,  16.060,     4.7
   566.0,0.000438,0.000521,-0.000333,0.001115,0.000000,  16.058,     4.7
   567.0,0.000424,0.000524,-0.000259,0.001556,0.000000,  16.063,     4.7
   568.0,0.000415,0.000538,-0.000223,0.001604,0.000000,  16.057,     4.7
   569.0,0.000433,0.000524,-0.000371,0.001278,0.000000,  16.061,     4.7
   570.0,0.000420,0.000542,-0.000259,0.000813,0.000000,  16.060,     4.8
   571.0,0.000424,0.000549,-0.000333,0.001122,0.000000,  16.066,     4.8
   572.0,0.000438,0.000553,-0.000259,0.001255,0.000000,  16.067,     4.8
   573.0,0.000451,0.000535,-0.000296,0.000429,0.000000,  16.067,     4.8
   574.0,0.000465,0.000535,-0.000297,0.000250,0.000000,  16.064,     4.8
   575.0,0.000465,0.000553,-0.000223,0.000967,0.000000,  16.061,     4.8
   576.0,0.000456,0.000553,-0.000223,0.001177,0.000000,  16.062,     4.8
   577.0,0.000442,0.000542,-0.000333,0.001743,0.000000,  16.058,     4.8
   578.0,0.000420,0.000553,-0.000297,0.001959,0.000000,  16.057,     4.8
   579.0,0.000429,0.000553,-0.000297,0.001719,0.000000,  16.059,     4.8
   580.0,0.000442,0.000531,-0.000408,0.001356,0.000000,  16.053,     4.8
   581.0,0.000460,0.000531,-0.000297,0.001627,0.000000,  16.054,     4.8
   582.0,0.000465,0.000550,-0.000333,0.001333,0.000000,  16.049,     4.8
   583.0,0.000451,0.000553,-0.000223,0.001170,0.000000,  16.049,     4.9
   584.0,0.000442,0.000553,-0.000223,0.001380,0.000000,  16.053,     4.9
   585.0,0.000465,0.000528,-0.000333,0.000429,0.000000,  16.053,     4.9
   586.0,0.000469,0.000528,-0.000297,0.000889,0.000000,  16.047,     4.9
   587.0,0.000460,0.000546,-0.000296,0.000073,0.000000,  16.047,     4.9
   588.0,0.000474,0.000546,-0.000370,0.000990,0.000000,  16.047,     4.9
   589.0,0.000492,0.000560,-0.000185,0.001278,0.000000,  16.047,     4.9
   590.0,0.000483,0.000546,-0.000370,0.000867,0.000000,  16.045,     4.9
   591.0,0.000496,0.000528,-0.000297,0.001417,0.000000,  16.045,     4.9
   592.0,0.000474,0.000539,-0.000297,0.001092,0.000000,  16.044,     4.9
   593.0,0.000469,0.000549,-0.000259,0.001611,0.000000,  16.046,     4.9
   594.0,0.000460,0.000531,-0.000333,0.000856,0.000000,  16.052,     4.9
   595.0,0.000465,0.000535,-0.000333,0.001299,0.000000,  16.048,     5.0
   596.0,0.000469,0.000535,-0.000259,0.001617,0.000000,  16.048,     5.0
   597.0,0.000465,0.000521,-0.000333,0.001773,0.000000,  16.051,     5.0
   598.0,0.000465,0.000532,-0.000333,0.001502,0.000000,  16.045,     5.0
   599.0,0.000451,0.000531,-0.000408,0.001170,0.000000,  16.051,     5.0
   600.0,0.000469,0.000564,-0.000333,0.001495,0.000000,  16.045,     5.0
   601.0,0.000478,0.000560,-0.000297,0.001255,0.000000,  16.055,     5.0
   602.0,0.000456,0.000549,-0.000333,0.001363,0.000000,  16.058,     5.0
   603.0,0.000465,0.000539,-0.000371,0.001092,0.000000,  16.058,     5.0
   604.0,0.000460,0.000531,-0.000333,0.000952,0.000000,  16.052,     5.0
   605.0,0.000460,0.000542,-0.000333,0.001441,0.000000,  16.056,     5.0
   606.0,0.000456,0.000553,-0.000371,0.001302,0.000000,  16.057,     5.1
   607.0,0.000447,0.000542,-0.000186,0.000250,0.000000,  16.043,     5.1
   608.0,0.000451,0.000527,-0.000261,0.000757,0.000000,  16.054,     5.1
   609.0,0.000447,0.000545,-0.000223,0.000632,0.000000,  16.056,     5.1
   610.0,0.000460,0.000531,-0.000333,0.000896,0.000000,  16.052,     5.1
   611.0,0.000451,0.000531,-0.000259,0.001262,0.000000,  16.055,     5.1
   612.0,0.000469,0.000527,-0.000223,0.001604,0.000000,  16.044,     5.1
   613.0,0.000478,0.000534,-0.000333,0.001092,0.000000,  16.060,     5.1
   614.0,0.000483,0.000535,-0.000333,0.001248,0.000000,  16.054,     5.1
   615.0,0.000487,0.000542,-0.000259,0.001356,0.000000,  16.056,     5.1
   616.0,0.000483,0.000524,-0.000333,0.001115,0.000000,  16.055,     5.1
   617.0,0.000483,0.000531,-0.000259,0.001363,0.000000,  16.058,     5.1
   618.0,0.000478,0.000520,-0.000296,0.001472,0.000000,  16.058,     5.2
   619.0,0.000469,0.000524,-0.000444,0.001441,0.000000,  16.061,     5.2
   620.0,0.000465,0.000528,-0.000333,0.001550,0.000000,  16.064,     5.2
   621.0,0.000483,0.000527,-0.000333,0.000641,0.000000,  16.062,     5.2
   622.0,0.000469,0.000521,-0.000259,0.000415,0.000000,  16.063,     5.2
   623.0,0.000469,0.000513,-0.000259,0.001502,0.000000,  16.068,     5.2
   624.0,0.000474,0.000524,-0.000333,0.001394,0.000000,  16.063,     5.2
   625.0,0.000483,0.000498,-0.000223,0.001177,0.000000,  16.065,     5.2
   626.0,0.000492,0.000495,-0.000333,0.000565,0.000000,  16.065,     5.2
   627.0,0.000478,0.000495,-0.000408,0.000362,0.000000,  16.066,     5.2
   628.0,0.000492,0.000488,-0.000297,0.000407,0.000000,  16.066,     5.2
   629.0,0.000469,0.000491,-0.000370,0.001068,0.000000,  16.064,     5.2
   630.0,0.000492,0.000484,-0.000444,0.000936,0.000000,  16.067,     5.3
   631.0,0.000465,0.000487,-0.000370,-0.000098,0.000000,  16.067,     5.3
   632.0,0.000465,0.000498,-0.000370,0.000549,0.000000,  16.068,     5.3
   633.0,0.000474,0.000516,-0.000444,0.000657,0.000000,  16.064,     5.3
   634.0,0.000465,0.000517,-0.000185,0.000523,0.000000,  16.063,     5.3
