Run Name,20220801_dsnPPR10_Cy3_1_AF647_2
Run Date,02:10:17 PM   08-01-22
Method Name,0.3 ml / min 50 uL inject 4WL
Export Format Version, 1.00
Method ID,  837
Points/Second, 1.00
Number of Records,    960
Offset from Run Start Time,00:00:00
Run End Time,00:16:00
Time,Second
QuadTec 1, (280.0 nm), AU
QuadTec 2, (260.0 nm), AU
Gradient Pump,%B
QuadTec 3, (550.0 nm), AU
QuadTec 4, (650.0 nm), AU
UV,AU
Conductivity,mS/cm
GP Pressure,PSI
Volume,ml
Fraction,<Not Available>
Time,QuadTec 1,QuadTec 2,Gradient Pump,QuadTec 3,QuadTec 4,UV,Conductivity,GP Pressure,Volume
     0.0,0.000000,0.000000,  0,0.005505,0.000000,0.000000,  15.967,  265,     0.0
     1.0,0.000004,0.000013,  0,-0.000160,0.001875,0.000000,  15.969,  266,     0.0
     2.0,0.000000,-0.000008,  0,-0.000064,0.001802,0.000000,  15.968,  270,     0.0
     3.0,-0.000013,-0.000022,  0,-0.000064,0.003387,0.000000,  15.965,  272,     0.0
     4.0,-0.000006,-0.000015,  0,-0.000095,0.003912,0.000000,  15.969,  272,     0.0
     5.0,-0.000006,-0.000018,  0,-0.000128,0.004128,0.000000,  15.967,  276,     0.0
     6.0,-0.000006,-0.000029,  0,-0.000193,0.003758,0.000000,  15.973,  275,     0.0
     7.0,-0.000002,-0.000008,  0,-0.000128,0.001918,0.000000,  15.971,  273,     0.0
     8.0,0.000003,-0.000011,  0,-0.000064,0.000883,0.000000,  15.961,  273,     0.0
     9.0,-0.000008,-0.000009,  0,-0.000096,-0.000320,0.000000,  15.971,  275,     0.0
    10.0,-0.000019,-0.000004,  0,-0.000032,0.000412,0.000000,  15.967,  275,     0.1
    11.0,-0.000002,-0.000004,  0,-0.000128,0.002633,0.000000,  15.970,  275,     0.1
    12.0,0.000009,0.000000,  0,-0.000192,0.003908,0.000000,  15.975,  277,     0.1
    13.0,-0.000023,-0.000024,  0,-0.000129,0.002981,0.000000,  15.979,  276,     0.1
    14.0,0.000009,-0.000017,  0,-0.000097,0.000618,0.000000,  15.973,  275,     0.1
    15.0,0.000013,-0.000019,  0,-0.000129,0.001789,0.000000,  15.978,  276,     0.1
    16.0,-0.000002,-0.000034,  0,-0.000064,0.003662,0.000000,  15.975,  276,     0.1
    17.0,-0.000008,-0.000019,  0,-0.000032,0.004152,0.000000,  15.977,  276,     0.1
    18.0,-0.000002,-0.000005,  0,-0.000096,0.003526,0.000000,  15.976,  278,     0.1
    19.0,0.000017,0.000001,  0,0.000001,0.003053,0.000000,  15.973,  276,     0.1
    20.0,0.000011,0.000016,  0,0.000001,0.002435,0.000000,  15.975,  276,     0.1
    21.0,0.000009,0.000038,  0,0.000001,0.002903,0.000000,  15.974,  276,     0.1
    22.0,0.000022,0.000012,  0,0.000001,0.003256,0.000000,  15.976,  276,     0.1
    23.0,0.000032,0.000019,  0,-0.000032,0.002579,0.000000,  15.964,  276,     0.1
    24.0,0.000032,0.000047,  0,0.000001,0.001390,0.000000,  15.971,  276,     0.1
    25.0,0.000062,0.000043,  0,0.000032,0.001545,0.000000,  15.969,  280,     0.1
    26.0,0.000067,0.000047,  0,-0.000032,0.002591,0.000000,  15.966,  277,     0.1
    27.0,0.000062,0.000072,  0,0.000001,0.002363,0.000000,  15.969,  277,     0.1
    28.0,0.000075,0.000073,  0,0.000033,0.000892,0.000000,  15.968,  276,     0.1
    29.0,0.000079,0.000058,  0,0.000001,0.002165,0.000000,  15.969,  277,     0.1
    30.0,0.000067,0.000041,  0,0.000066,0.001414,0.000000,  15.968,  276,     0.2
    31.0,0.000071,0.000041,  0,0.000065,0.001842,0.000000,  15.968,  275,     0.2
    32.0,0.000060,0.000040,  0,-0.000032,0.001949,0.000000,  15.965,  274,     0.2
    33.0,0.000052,0.000054,  0,0.000001,0.002909,0.000000,  15.967,  275,     0.2
    34.0,0.000060,0.000053,  0,-0.000032,0.002825,0.000000,  15.969,  275,     0.2
    35.0,0.000065,0.000038,  0,-0.000161,0.003405,0.000000,  15.962,  276,     0.2
    36.0,0.000075,0.000067,  0,-0.000064,0.003877,0.000000,  15.971,  276,     0.2
    37.0,0.000075,0.000076,  0,0.000000,0.003573,0.000000,  15.969,  276,     0.2
    38.0,0.000069,0.000046,  0,-0.000032,0.003052,0.000000,  15.970,  279,     0.2
    39.0,0.000052,0.000062,  0,-0.000064,0.003166,0.000000,  15.965,  278,     0.2
    40.0,0.000069,0.000047,  0,-0.000032,0.003370,0.000000,  15.954,  277,     0.2
    41.0,0.000063,0.000054,  0,0.000000,0.003244,0.000000,  15.965,  277,     0.2
    42.0,0.000063,0.000048,  0,-0.000064,0.003321,0.000000,  15.968,  279,     0.2
    43.0,0.000088,0.000063,  0,0.000000,0.003776,0.000000,  15.957,  277,     0.2
    44.0,0.000077,0.000081,  0,-0.000032,0.003752,0.000000,  15.954,  275,     0.2
    45.0,0.000082,0.000080,  0,-0.000032,0.003447,0.000000,  15.965,  276,     0.2
    46.0,0.000093,0.000065,  0,-0.000032,0.002351,0.000000,  15.955,  274,     0.2
    47.0,0.000065,0.000079,  0,-0.000032,0.002249,0.000000,  15.960,  275,     0.2
    48.0,0.000056,0.000079,  0,-0.000129,0.002435,0.000000,  15.962,  275,     0.2
    49.0,0.000084,0.000081,  0,-0.000032,0.002597,0.000000,  15.956,  277,     0.2
    50.0,0.000080,0.000080,  0,0.000032,0.002501,0.000000,  15.965,  275,     0.3
    51.0,0.000091,0.000061,  0,-0.000097,0.002933,0.000000,  15.963,  277,     0.3
    52.0,0.000101,0.000055,  0,-0.000064,0.003010,0.000000,  15.960,  278,     0.3
    53.0,0.000101,0.000056,  0,-0.000065,0.002795,0.000000,  15.963,  277,     0.3
    54.0,0.000082,0.000061,  0,-0.000064,0.001598,0.000000,  15.964,  277,     0.3
    55.0,0.000082,0.000060,  0,0.000032,0.001396,0.000000,  15.966,  280,     0.3
    56.0,0.000070,0.000056,  0,0.000032,0.003357,0.000000,  15.955,  277,     0.3
    57.0,0.000053,0.000054,  0,-0.000032,0.002285,0.000000,  15.964,  277,     0.3
    58.0,0.000070,0.000070,  0,0.000064,0.002687,0.000000,  15.957,  278,     0.3
    59.0,0.000070,0.000058,  0,0.000000,0.001794,0.000000,  15.968,  274,     0.3
    60.0,0.000074,0.000057,  0,0.000065,0.001985,0.000000,  15.968,  274,     0.3
    61.0,0.000074,0.000067,  0,-0.000064,0.002621,0.000000,  15.968,  275,     0.3
    62.0,0.000074,0.000075,  0,-0.000032,0.001858,0.000000,  15.965,  277,     0.3
    63.0,0.000096,0.000069,  0,0.000000,0.000847,0.000000,  15.971,  277,     0.3
    64.0,0.000079,0.000054,  0,-0.000032,0.001788,0.000000,  15.968,  277,     0.3
    65.0,0.000072,0.000058,  0,-0.000032,0.001405,0.000000,  15.972,  278,     0.3
    66.0,0.000079,0.000069,  0,-0.000001,0.002657,0.000000,  15.961,  275,     0.3
    67.0,0.000079,0.000060,  0,-0.000097,0.003452,0.000000,  15.970,  276,     0.3
    68.0,0.000072,0.000056,  0,-0.000065,0.003710,0.000000,  15.970,  277,     0.3
    69.0,0.000072,0.000051,  0,0.000032,0.003817,0.000000,  15.966,  280,     0.3
    70.0,0.000055,0.000066,  0,0.000064,0.002333,0.000000,  15.969,  278,     0.4
    71.0,0.000066,0.000075,  0,0.000032,0.003148,0.000000,  15.970,  278,     0.4
    72.0,0.000053,0.000058,  0,-0.000033,0.002567,0.000000,  15.968,  276,     0.4
    73.0,0.000043,0.000047,  0,-0.000065,0.002141,0.000000,  15.963,  275,     0.4
    74.0,0.000049,0.000049,  0,0.000032,0.003273,0.000000,  15.969,  274,     0.4
    75.0,0.000068,0.000055,  0,-0.000001,0.003656,0.000000,  15.958,  277,     0.4
    76.0,0.000055,0.000060,  0,-0.000065,0.003573,0.000000,  15.956,  277,     0.4
    77.0,0.000180,0.000092,  0,0.000033,0.003190,0.000000,  15.962,  277,     0.4
    78.0,0.000201,0.000177,  0,0.000195,0.003292,0.000000,  15.965,  279,     0.4
    79.0,0.000101,0.000068,  0,0.000066,0.003310,0.000000,  15.967,  275,     0.4
    80.0,0.000021,-0.000015,  0,0.000065,0.002747,0.000000,  15.959,  276,     0.4
    81.0,-0.000041,-0.000027,  0,0.000064,0.003064,0.000000,  15.970,  276,     0.4
    82.0,-0.000066,-0.000043,  0,-0.000032,0.003184,0.000000,  15.963,  279,     0.4
    83.0,-0.000083,-0.000058,  0,-0.000032,0.003250,0.000000,  15.965,  279,     0.4
    84.0,-0.000064,-0.000044,  0,-0.000032,0.003543,0.000000,  15.962,  277,     0.4
    85.0,-0.000035,-0.000027,  0,-0.000065,0.003938,0.000000,  15.963,  279,     0.4
    86.0,-0.000009,0.000015,  0,-0.000162,0.003124,0.000000,  15.960,  276,     0.4
    87.0,0.000005,0.000042,  0,-0.000032,0.003250,0.000000,  15.964,  275,     0.4
    88.0,0.000024,0.000027,  0,-0.000065,0.001801,0.000000,  15.962,  274,     0.4
    89.0,0.000026,0.000016,  0,-0.000161,0.003058,0.000000,  15.965,  277,     0.4
    90.0,-0.000002,0.000031,  0,-0.000096,0.002447,0.000000,  15.961,  278,     0.5
    91.0,0.000011,0.000021,  0,-0.000032,0.002944,0.000000,  15.963,  278,     0.5
    92.0,-0.000003,0.000019,  0,-0.000064,0.003262,0.000000,  15.960,  276,     0.5
    93.0,0.000019,0.000009,  0,-0.000064,0.003561,0.000000,  15.963,  277,     0.5
    94.0,0.000010,-0.000002,  0,-0.000032,0.003681,0.000000,  15.964,  275,     0.5
    95.0,0.000006,0.000007,  0,-0.000064,0.003460,0.000000,  15.962,  278,     0.5
    96.0,0.000018,0.000023,  0,-0.000128,0.003484,0.000000,  15.950,  278,     0.5
    97.0,0.000020,-0.000001,  0,-0.000032,0.002435,0.000000,  15.959,  203,     0.5
    98.0,0.000014,-0.000017,  0,-0.000128,0.002447,0.000000,  15.967,  217,     0.5
    99.0,0.000027,0.000020,  0,0.000001,0.001603,0.000000,  15.965,  234,     0.5
   100.0,0.000022,0.000020,  0,-0.000064,0.002513,0.000000,  15.961,  242,     0.5
   101.0,0.000013,0.000011,  0,-0.000096,0.002795,0.000000,  15.962,  247,     0.5
   102.0,0.000026,0.000024,  0,0.000033,0.002585,0.000000,  15.960,  255,     0.5
   103.0,0.000039,0.000044,  0,-0.000064,0.002795,0.000000,  15.961,  258,     0.5
   104.0,0.000028,0.000046,  0,-0.000063,0.001429,0.000000,  15.958,  265,     0.5
   105.0,0.000047,0.000034,  0,-0.000031,0.001115,0.000000,  15.962,  268,     0.5
   106.0,0.000032,0.000041,  0,-0.000064,0.002052,0.000000,  15.963,  267,     0.5
   107.0,0.000036,0.000038,  0,-0.000096,0.003387,0.000000,  15.962,  269,     0.5
   108.0,0.000044,0.000030,  0,0.000001,0.003208,0.000000,  15.966,  271,     0.5
   109.0,0.000049,0.000026,  0,-0.000063,0.003298,0.000000,  15.966,  272,     0.5
   110.0,0.000046,0.000030,  0,0.000001,0.003124,0.000000,  15.958,  273,     0.6
   111.0,0.000031,0.000043,  0,-0.000032,0.003298,0.000000,  15.963,  275,     0.6
   112.0,0.000054,0.000034,  0,-0.000128,0.002987,0.000000,  15.957,  273,     0.6
   113.0,0.000061,0.000050,  0,-0.000064,0.002843,0.000000,  15.966,  274,     0.6
   114.0,0.000050,0.000059,  0,0.000001,0.003113,0.000000,  15.967,  273,     0.6
   115.0,0.000048,0.000045,  0,-0.000064,0.003137,0.000000,  15.968,  275,     0.6
   116.0,0.000061,0.000048,  0,-0.000032,0.003197,0.000000,  15.972,  275,     0.6
   117.0,0.000063,0.000051,  0,0.000001,0.003316,0.000000,  15.966,  276,     0.6
   118.0,0.000056,0.000059,  0,-0.000096,0.003298,0.000000,  15.965,  278,     0.6
   119.0,0.000065,0.000057,  0,-0.000031,0.003400,0.000000,  15.958,  276,     0.6
   120.0,0.000073,0.000053,  0,-0.000031,0.003023,0.000000,  15.964,  276,     0.6
   121.0,0.000073,0.000053,  0,-0.000063,0.003322,0.000000,  15.964,  276,     0.6
   122.0,0.000069,0.000073,  0,-0.000063,0.002255,0.000000,  15.964,  278,     0.6
   123.0,0.000065,0.000040,  0,-0.000127,0.001232,0.000000,  15.962,  276,     0.6
   124.0,0.000058,0.000078,  0,0.000001,0.002819,0.000000,  15.959,  276,     0.6
   125.0,0.000054,0.000055,  0,-0.000031,0.003023,0.000000,  15.963,  276,     0.6
   126.0,0.000067,0.000061,  0,-0.000128,0.003358,0.000000,  15.953,  276,     0.6
   127.0,0.000079,0.000050,  0,0.000034,0.003532,0.000000,  15.961,  276,     0.6
   128.0,0.000058,0.000074,  0,0.000034,0.003466,0.000000,  15.957,  277,     0.6
   129.0,0.000064,0.000078,  0,-0.000127,0.003113,0.000000,  15.965,  277,     0.6
   130.0,0.000077,0.000080,  0,-0.000127,0.003358,0.000000,  15.963,  276,     0.6
   131.0,0.000085,0.000071,  0,-0.000031,0.003442,0.000000,  15.963,  279,     0.7
   132.0,0.000091,0.000033,  0,-0.000062,0.003526,0.000000,  15.967,  277,     0.7
   133.0,0.000102,0.000065,  0,0.000003,0.003556,0.000000,  15.963,  277,     0.7
   134.0,0.000102,0.000072,  0,-0.000030,0.003232,0.000000,  15.959,  277,     0.7
   135.0,0.000087,0.000083,  0,0.000034,0.003077,0.000000,  15.967,  278,     0.7
   136.0,0.000093,0.000090,  0,0.000001,0.001668,0.000000,  15.961,  277,     0.7
   137.0,0.000093,0.000101,  0,-0.000031,0.002555,0.000000,  15.957,  276,     0.7
   138.0,0.000114,0.000117,  0,-0.000063,0.002873,0.000000,  15.963,  277,     0.7
   139.0,0.000114,0.000117,  0,-0.000030,0.003077,0.000000,  15.962,  275,     0.7
   140.0,0.000114,0.000088,  0,-0.000030,0.002825,0.000000,  15.958,  276,     0.7
   141.0,0.000103,0.000104,  0,0.000002,0.002237,0.000000,  15.960,  276,     0.7
   142.0,0.000116,0.000126,  0,0.000034,0.002633,0.000000,  15.959,  278,     0.7
   143.0,0.000129,0.000135,  0,-0.000062,0.003238,0.000000,  15.960,  275,     0.7
   144.0,0.000120,0.000115,  0,0.000001,0.003011,0.000000,  15.959,  276,     0.7
   145.0,0.000126,0.000121,  0,0.000099,0.002957,0.000000,  15.955,  278,     0.7
   146.0,0.000139,0.000132,  0,-0.000030,0.001818,0.000000,  15.958,  277,     0.7
   147.0,0.000113,0.000143,  0,-0.000030,0.003124,0.000000,  15.959,  277,     0.7
   148.0,0.000124,0.000139,  0,-0.000094,0.003263,0.000000,  15.961,  279,     0.7
   149.0,0.000147,0.000141,  0,-0.000029,0.002891,0.000000,  15.957,  277,     0.7
   150.0,0.000143,0.000130,  0,0.000035,0.003095,0.000000,  15.950,  275,     0.8
   151.0,0.000127,0.000133,  0,-0.000029,0.003053,0.000000,  15.962,  277,     0.8
   152.0,0.000151,0.000141,  0,0.000034,0.002477,0.000000,  15.961,  274,     0.8
   153.0,0.000162,0.000146,  0,-0.000030,0.002243,0.000000,  15.959,  275,     0.8
   154.0,0.000146,0.000146,  0,-0.000094,0.002909,0.000000,  15.958,  274,     0.8
   155.0,0.000145,0.000163,  0,-0.000062,0.003005,0.000000,  15.958,  278,     0.8
   156.0,0.000157,0.000174,  0,0.000034,0.003023,0.000000,  15.961,  276,     0.8
   157.0,0.000164,0.000167,  0,0.000003,0.003064,0.000000,  15.959,  277,     0.8
   158.0,0.000153,0.000146,  0,0.000003,0.002555,0.000000,  15.956,  279,     0.8
   159.0,0.000170,0.000148,  0,0.000035,0.002100,0.000000,  15.959,  276,     0.8
   160.0,0.000153,0.000158,  0,0.000164,0.001261,0.000000,  15.959,  277,     0.8
   161.0,0.000148,0.000151,  0,0.000067,0.002417,0.000000,  15.957,  278,     0.8
   162.0,0.000155,0.000175,  0,0.000068,0.002963,0.000000,  15.959,  279,     0.8
   163.0,0.000210,0.000186,  0,0.000229,0.003172,0.000000,  15.951,  277,     0.8
   164.0,0.000235,0.000193,  0,0.000295,0.002615,0.000000,  15.960,  278,     0.8
   165.0,0.000250,0.000240,  0,0.000393,0.003197,0.000000,  15.958,  277,     0.8
   166.0,0.000300,0.000232,  0,0.000555,0.002975,0.000000,  15.956,  274,     0.8
   167.0,0.000368,0.000279,  0,0.000782,0.002987,0.000000,  15.958,  274,     0.8
   168.0,0.000449,0.000341,  0,0.000978,0.001555,0.000000,  15.960,  275,     0.8
   169.0,0.000563,0.000381,  0,0.001368,0.002441,0.000000,  15.958,  277,     0.8
   170.0,0.000687,0.000438,  0,0.001890,0.002951,0.000000,  15.958,  278,     0.9
   171.0,0.000834,0.000524,  0,0.002381,0.003425,0.000000,  15.961,  279,     0.9
   172.0,0.001012,0.000614,  0,0.003032,0.003245,0.000000,  15.957,  279,     0.9
   173.0,0.001222,0.000710,  0,0.003687,0.003581,0.000000,  15.958,  276,     0.9
   174.0,0.001442,0.000842,  0,0.004442,0.003839,0.000000,  15.957,  277,     0.9
   175.0,0.001642,0.000941,  0,0.005196,0.003888,0.000000,  15.957,  280,     0.9
   176.0,0.001884,0.001048,  0,0.005987,0.003534,0.000000,  15.953,  279,     0.9
   177.0,0.002109,0.001149,  0,0.006782,0.004062,0.000000,  15.954,  280,     0.9
   178.0,0.002309,0.001287,  0,0.007606,0.002891,0.000000,  15.954,  279,     0.9
   179.0,0.002517,0.001365,  0,0.008203,0.003450,0.000000,  15.959,  276,     0.9
   180.0,0.002721,0.001439,  0,0.008833,0.004201,0.000000,  15.954,  274,     0.9
   181.0,0.002858,0.001534,  0,0.009495,0.004165,0.000000,  15.955,  275,     0.9
   182.0,0.002972,0.001608,  0,0.009829,0.004165,0.000000,  15.956,  277,     0.9
   183.0,0.003068,0.001630,  0,0.010195,0.004399,0.000000,  15.955,  277,     0.9
   184.0,0.003143,0.001657,  0,0.010492,0.004693,0.000000,  15.959,  280,     0.9
   185.0,0.003156,0.001660,  0,0.010594,0.004920,0.000000,  15.953,  279,     0.9
   186.0,0.003156,0.001668,  0,0.010561,0.004525,0.000000,  15.953,  276,     0.9
   187.0,0.003126,0.001642,  0,0.010558,0.004298,0.000000,  15.955,  276,     0.9
   188.0,0.003088,0.001620,  0,0.010328,0.004592,0.000000,  15.958,  278,     0.9
   189.0,0.003036,0.001589,  0,0.010192,0.004676,0.000000,  15.957,  279,     0.9
   190.0,0.002960,0.001548,  0,0.009962,0.004207,0.000000,  15.959,  278,     0.9
   191.0,0.002860,0.001502,  0,0.009692,0.004081,0.000000,  15.959,  280,     1.0
   192.0,0.002783,0.001461,  0,0.009329,0.003456,0.000000,  15.955,  276,     1.0
   193.0,0.002678,0.001415,  0,0.008999,0.002891,0.000000,  15.954,  275,     1.0
   194.0,0.002598,0.001361,  0,0.008765,0.002207,0.000000,  15.958,  275,     1.0
   195.0,0.002493,0.001310,  0,0.008303,0.003395,0.000000,  15.953,  277,     1.0
   196.0,0.002410,0.001261,  0,0.008168,0.003943,0.000000,  15.957,  278,     1.0
   197.0,0.002321,0.001221,  0,0.007902,0.003631,0.000000,  15.952,  280,     1.0
   198.0,0.002249,0.001196,  0,0.007604,0.003757,0.000000,  15.958,  280,     1.0
   199.0,0.002185,0.001171,  0,0.007308,0.003631,0.000000,  15.955,  277,     1.0
   200.0,0.002102,0.001120,  0,0.007142,0.004128,0.000000,  15.950,  275,     1.0
   201.0,0.002027,0.001034,  0,0.006911,0.003750,0.000000,  15.954,  277,     1.0
   202.0,0.001963,0.001006,  0,0.006680,0.003497,0.000000,  15.954,  279,     1.0
   203.0,0.001917,0.000991,  0,0.006450,0.003119,0.000000,  15.957,  278,     1.0
   204.0,0.001859,0.000958,  0,0.006254,0.003959,0.000000,  15.958,  280,     1.0
   205.0,0.001813,0.000943,  0,0.005991,0.003131,0.000000,  15.960,  277,     1.0
   206.0,0.001779,0.000931,  0,0.005857,0.002795,0.000000,  15.958,  276,     1.0
   207.0,0.001717,0.000905,  0,0.005661,0.004043,0.000000,  15.957,  276,     1.0
   208.0,0.001668,0.000882,  0,0.005561,0.003947,0.000000,  15.958,  276,     1.0
   209.0,0.001624,0.000879,  0,0.005364,0.003762,0.000000,  15.954,  277,     1.0
   210.0,0.001575,0.000857,  0,0.005135,0.004283,0.000000,  15.954,  277,     1.1
   211.0,0.001547,0.000822,  0,0.005102,0.004014,0.000000,  15.959,  281,     1.1
   212.0,0.001503,0.000791,  0,0.004969,0.003744,0.000000,  15.955,  278,     1.1
   213.0,0.001462,0.000777,  0,0.004872,0.003905,0.000000,  15.956,  276,     1.1
   214.0,0.001454,0.000756,  0,0.004708,0.004175,0.000000,  15.957,  276,     1.1
   215.0,0.001428,0.000749,  0,0.004641,0.004007,0.000000,  15.960,  278,     1.1
   216.0,0.001398,0.000738,  0,0.004541,0.003731,0.000000,  15.960,  277,     1.1
   217.0,0.001371,0.000737,  0,0.004378,0.003630,0.000000,  15.962,  276,     1.1
   218.0,0.001350,0.000706,  0,0.004214,0.003839,0.000000,  15.958,  278,     1.1
   219.0,0.001298,0.000682,  0,0.004180,0.004168,0.000000,  15.958,  276,     1.1
   220.0,0.001241,0.000660,  0,0.004081,0.002681,0.000000,  15.955,  276,     1.1
   221.0,0.001205,0.000662,  0,0.003952,0.003604,0.000000,  15.957,  276,     1.1
   222.0,0.001196,0.000640,  0,0.003950,0.003467,0.000000,  15.952,  277,     1.1
   223.0,0.001188,0.000631,  0,0.003788,0.003773,0.000000,  15.951,  277,     1.1
   224.0,0.001158,0.000609,  0,0.003689,0.004007,0.000000,  15.950,  281,     1.1
   225.0,0.001150,0.000619,  0,0.003655,0.003899,0.000000,  15.952,  279,     1.1
   226.0,0.001131,0.000595,  0,0.003623,0.003623,0.000000,  15.954,  277,     1.1
   227.0,0.001107,0.000595,  0,0.003524,0.003588,0.000000,  15.950,  277,     1.1
   228.0,0.001062,0.000569,  0,0.003426,0.003713,0.000000,  15.951,  278,     1.1
   229.0,0.001067,0.000571,  0,0.003395,0.003797,0.000000,  15.951,  276,     1.1
   230.0,0.001054,0.000573,  0,0.003328,0.004102,0.000000,  15.950,  275,     1.1
   231.0,0.001013,0.000558,  0,0.003198,0.003689,0.000000,  15.955,  277,     1.2
   232.0,0.001011,0.000540,  0,0.003036,0.003539,0.000000,  15.954,  274,     1.2
   233.0,0.000992,0.000551,  0,0.003003,0.003833,0.000000,  15.952,  275,     1.2
   234.0,0.000975,0.000546,  0,0.003066,0.003641,0.000000,  15.954,  276,     1.2
   235.0,0.000934,0.000531,  0,0.002872,0.003875,0.000000,  15.952,  276,     1.2
   236.0,0.000945,0.000516,  0,0.002839,0.003749,0.000000,  15.956,  277,     1.2
   237.0,0.000939,0.000508,  0,0.002741,0.003581,0.000000,  15.953,  278,     1.2
   238.0,0.000922,0.000503,  0,0.002740,0.003365,0.000000,  15.952,  277,     1.2
   239.0,0.000922,0.000502,  0,0.002676,0.003575,0.000000,  15.956,  278,     1.2
   240.0,0.000892,0.000477,  0,0.002643,0.003089,0.000000,  15.953,  277,     1.2
   241.0,0.000879,0.000483,  0,0.002609,0.003299,0.000000,  15.953,  278,     1.2
   242.0,0.000868,0.000487,  0,0.002545,0.003113,0.000000,  15.954,  277,     1.2
   243.0,0.000856,0.000487,  0,0.002447,0.003443,0.000000,  15.956,  276,     1.2
   244.0,0.000853,0.000466,  0,0.002511,0.003599,0.000000,  15.954,  278,     1.2
   245.0,0.000859,0.000475,  0,0.002414,0.003599,0.000000,  15.958,  275,     1.2
   246.0,0.000878,0.000508,  0,0.002447,0.003197,0.000000,  15.950,  275,     1.2
   247.0,0.000904,0.000517,  0,0.002446,0.003443,0.000000,  15.959,  275,     1.2
   248.0,0.000870,0.000508,  0,0.002349,0.003425,0.000000,  15.958,  279,     1.2
   249.0,0.000882,0.000501,  0,0.002446,0.003323,0.000000,  15.955,  276,     1.2
   250.0,0.000861,0.000508,  0,0.002413,0.002507,0.000000,  15.957,  276,     1.3
   251.0,0.000867,0.000504,  0,0.002284,0.002861,0.000000,  15.955,  279,     1.3
   252.0,0.000856,0.000498,  0,0.002284,0.003047,0.000000,  15.956,  277,     1.3
   253.0,0.000839,0.000485,  0,0.002284,0.003113,0.000000,  15.953,  278,     1.3
   254.0,0.000839,0.000458,  0,0.002284,0.003059,0.000000,  15.957,  277,     1.3
   255.0,0.000828,0.000450,  0,0.002316,0.003053,0.000000,  15.955,  279,     1.3
   256.0,0.000818,0.000458,  0,0.002348,0.003413,0.000000,  15.957,  277,     1.3
   257.0,0.000811,0.000465,  0,0.002220,0.002969,0.000000,  15.959,  276,     1.3
   258.0,0.000813,0.000441,  0,0.002219,0.002909,0.000000,  15.955,  277,     1.3
   259.0,0.000832,0.000440,  0,0.002252,0.003318,0.000000,  15.956,  274,     1.3
   260.0,0.000818,0.000466,  0,0.002285,0.003305,0.000000,  15.955,  275,     1.3
   261.0,0.000803,0.000473,  0,0.002219,0.003035,0.000000,  15.953,  277,     1.3
   262.0,0.000828,0.000466,  0,0.002252,0.003059,0.000000,  15.960,  276,     1.3
   263.0,0.000815,0.000472,  0,0.002285,0.003437,0.000000,  15.955,  276,     1.3
   264.0,0.000828,0.000494,  0,0.002286,0.003510,0.000000,  15.946,  280,     1.3
   265.0,0.000845,0.000498,  0,0.002351,0.003486,0.000000,  15.955,  277,     1.3
   266.0,0.000847,0.000501,  0,0.002318,0.003594,0.000000,  15.955,  277,     1.3
   267.0,0.000825,0.000503,  0,0.002286,0.001841,0.000000,  15.954,  278,     1.3
   268.0,0.000855,0.000501,  0,0.002383,0.002585,0.000000,  15.955,  280,     1.3
   269.0,0.000857,0.000506,  0,0.002350,0.003179,0.000000,  15.952,  278,     1.3
   270.0,0.000846,0.000504,  0,0.002351,0.003371,0.000000,  15.957,  277,     1.4
   271.0,0.000857,0.000497,  0,0.002351,0.003420,0.000000,  15.957,  278,     1.4
   272.0,0.000864,0.000514,  0,0.002383,0.003312,0.000000,  15.953,  275,     1.4
   273.0,0.000859,0.000515,  0,0.002351,0.002903,0.000000,  15.959,  275,     1.4
   274.0,0.000859,0.000501,  0,0.002351,0.003210,0.000000,  15.961,  274,     1.4
   275.0,0.000844,0.000517,  0,0.002415,0.003402,0.000000,  15.957,  278,     1.4
   276.0,0.000874,0.000495,  0,0.002416,0.002009,0.000000,  15.947,  278,     1.4
   277.0,0.000880,0.000502,  0,0.002385,0.003257,0.000000,  15.964,  279,     1.4
   278.0,0.000876,0.000515,  0,0.002449,0.002982,0.000000,  15.961,  279,     1.4
   279.0,0.000888,0.000500,  0,0.002513,0.003192,0.000000,  15.954,  276,     1.4
   280.0,0.000873,0.000516,  0,0.002612,0.003378,0.000000,  15.965,  277,     1.4
   281.0,0.000877,0.000516,  0,0.002450,0.003300,0.000000,  15.958,  281,     1.4
   282.0,0.000881,0.000502,  0,0.002548,0.003528,0.000000,  15.967,  280,     1.4
   283.0,0.000901,0.000494,  0,0.002580,0.002663,0.000000,  15.967,  278,     1.4
   284.0,0.000898,0.000488,  0,0.002678,0.001260,0.000000,  15.968,  279,     1.4
   285.0,0.000889,0.000476,  0,0.002581,0.002381,0.000000,  15.968,  275,     1.4
   286.0,0.000913,0.000500,  0,0.002614,0.003155,0.000000,  15.972,  275,     1.4
   287.0,0.000919,0.000495,  0,0.002678,0.003258,0.000000,  15.969,  275,     1.4
   288.0,0.000927,0.000511,  0,0.002842,0.003384,0.000000,  15.974,  278,     1.4
   289.0,0.000957,0.000511,  0,0.002809,0.003036,0.000000,  15.969,  278,     1.4
   290.0,0.000959,0.000513,  0,0.002842,0.003192,0.000000,  15.971,  279,     1.5
   291.0,0.000985,0.000519,  0,0.002874,0.003198,0.000000,  15.973,  279,     1.5
   292.0,0.000991,0.000529,  0,0.002972,0.003198,0.000000,  15.972,  276,     1.5
   293.0,0.001010,0.000540,  0,0.003006,0.002801,0.000000,  15.973,  276,     1.5
   294.0,0.001036,0.000542,  0,0.003169,0.003030,0.000000,  15.973,  278,     1.5
   295.0,0.001027,0.000542,  0,0.003169,0.003498,0.000000,  15.974,  279,     1.5
   296.0,0.001046,0.000558,  0,0.003234,0.003222,0.000000,  15.976,  278,     1.5
   297.0,0.001043,0.000563,  0,0.003234,0.003786,0.000000,  15.974,  280,     1.5
   298.0,0.001075,0.000576,  0,0.003333,0.003733,0.000000,  15.974,  278,     1.5
   299.0,0.001129,0.000590,  0,0.003562,0.003498,0.000000,  15.978,  276,     1.5
   300.0,0.001139,0.000610,  0,0.003597,0.003480,0.000000,  15.982,  275,     1.5
   301.0,0.001196,0.000621,  0,0.003761,0.003438,0.000000,  15.977,  276,     1.5
   302.0,0.001273,0.000638,  0,0.003925,0.003096,0.000000,  15.972,  277,     1.5
   303.0,0.001326,0.000675,  0,0.004186,0.003265,0.000000,  15.977,  277,     1.5
   304.0,0.001385,0.000719,  0,0.004482,0.003229,0.000000,  15.972,  280,     1.5
   305.0,0.001451,0.000742,  0,0.004812,0.003758,0.000000,  15.979,  277,     1.5
   306.0,0.001561,0.000772,  0,0.005271,0.003017,0.000000,  15.980,  276,     1.5
   307.0,0.001684,0.000826,  0,0.005732,0.002033,0.000000,  15.978,  276,     1.5
   308.0,0.001784,0.000867,  0,0.006162,0.003583,0.000000,  15.981,  279,     1.5
   309.0,0.001950,0.000920,  0,0.006657,0.002946,0.000000,  15.977,  278,     1.5
   310.0,0.002103,0.000989,  0,0.007349,0.003583,0.000000,  15.977,  279,     1.6
   311.0,0.002247,0.001071,  0,0.007913,0.004355,0.000000,  15.979,  278,     1.6
   312.0,0.002403,0.001133,  0,0.008574,0.004831,0.000000,  15.978,  276,     1.6
   313.0,0.002562,0.001190,  0,0.009337,0.004753,0.000000,  15.974,  276,     1.6
   314.0,0.002698,0.001276,  0,0.009902,0.004851,0.000000,  15.977,  276,     1.6
   315.0,0.002843,0.001340,  0,0.010499,0.004893,0.000000,  15.979,  277,     1.6
   316.0,0.002978,0.001386,  0,0.011032,0.003559,0.000000,  15.967,  277,     1.6
   317.0,0.003131,0.001448,  0,0.011666,0.004302,0.000000,  15.977,  279,     1.6
   318.0,0.003236,0.001497,  0,0.012035,0.004815,0.000000,  15.975,  277,     1.6
   319.0,0.003338,0.001537,  0,0.012403,0.004041,0.000000,  15.976,  277,     1.6
   320.0,0.003428,0.001573,  0,0.012771,0.005247,0.000000,  15.974,  276,     1.6
   321.0,0.003492,0.001596,  0,0.013171,0.005477,0.000000,  15.978,  278,     1.6
   322.0,0.003543,0.001631,  0,0.013338,0.005495,0.000000,  15.979,  278,     1.6
   323.0,0.003588,0.001657,  0,0.013539,0.005362,0.000000,  15.980,  277,     1.6
   324.0,0.003620,0.001656,  0,0.013545,0.004335,0.000000,  15.979,  278,     1.6
   325.0,0.003633,0.001665,  0,0.013643,0.004485,0.000000,  15.984,  276,     1.6
   326.0,0.003629,0.001682,  0,0.013676,0.005167,0.000000,  15.981,  277,     1.6
   327.0,0.003637,0.001684,  0,0.013576,0.005313,0.000000,  15.982,  276,     1.6
   328.0,0.003620,0.001691,  0,0.013539,0.005555,0.000000,  15.972,  277,     1.6
   329.0,0.003610,0.001671,  0,0.013539,0.005344,0.000000,  15.973,  276,     1.6
   330.0,0.003571,0.001653,  0,0.013506,0.005428,0.000000,  15.985,  279,     1.7
   331.0,0.003556,0.001655,  0,0.013204,0.005362,0.000000,  15.972,  280,     1.7
   332.0,0.003507,0.001628,  0,0.013134,0.005313,0.000000,  15.986,  277,     1.7
   333.0,0.003469,0.001621,  0,0.012936,0.005163,0.000000,  15.986,  277,     1.7
   334.0,0.003433,0.001615,  0,0.012735,0.004401,0.000000,  15.986,  278,     1.7
   335.0,0.003407,0.001595,  0,0.012501,0.004751,0.000000,  15.983,  277,     1.7
   336.0,0.003375,0.001560,  0,0.012401,0.005149,0.000000,  15.985,  275,     1.7
   337.0,0.003307,0.001564,  0,0.012234,0.004879,0.000000,  15.975,  276,     1.7
   338.0,0.003255,0.001539,  0,0.011969,0.004921,0.000000,  15.983,  274,     1.7
   339.0,0.003247,0.001527,  0,0.011737,0.004893,0.000000,  15.986,  276,     1.7
   340.0,0.003196,0.001522,  0,0.011635,0.004820,0.000000,  15.983,  276,     1.7
   341.0,0.003151,0.001507,  0,0.011434,0.004837,0.000000,  15.985,  277,     1.7
   342.0,0.003113,0.001513,  0,0.011267,0.004614,0.000000,  15.983,  276,     1.7
   343.0,0.003104,0.001506,  0,0.011101,0.003854,0.000000,  15.990,  277,     1.7
   344.0,0.003079,0.001480,  0,0.010967,0.004229,0.000000,  15.985,  281,     1.7
   345.0,0.003023,0.001461,  0,0.010801,0.003216,0.000000,  15.982,  278,     1.7
   346.0,0.002978,0.001459,  0,0.010632,0.004317,0.000000,  15.985,  277,     1.7
   347.0,0.002953,0.001424,  0,0.010532,0.004607,0.000000,  15.987,  277,     1.7
   348.0,0.002925,0.001413,  0,0.010432,0.004554,0.000000,  15.986,  278,     1.7
   349.0,0.002887,0.001391,  0,0.010232,0.004065,0.000000,  15.986,  276,     1.7
   350.0,0.002861,0.001386,  0,0.010066,0.004094,0.000000,  15.988,  275,     1.8
   351.0,0.002816,0.001373,  0,0.010031,0.004203,0.000000,  15.991,  275,     1.8
   352.0,0.002776,0.001355,  0,0.009800,0.003258,0.000000,  15.978,  275,     1.8
   353.0,0.002737,0.001379,  0,0.009698,0.004317,0.000000,  15.991,  275,     1.8
   354.0,0.002718,0.001368,  0,0.009501,0.004552,0.000000,  15.986,  277,     1.8
   355.0,0.002650,0.001331,  0,0.009335,0.004660,0.000000,  15.987,  276,     1.8
   356.0,0.002622,0.001337,  0,0.009102,0.004786,0.000000,  15.987,  276,     1.8
   357.0,0.002590,0.001308,  0,0.008970,0.004653,0.000000,  15.986,  279,     1.8
   358.0,0.002556,0.001290,  0,0.008804,0.004479,0.000000,  15.987,  276,     1.8
   359.0,0.002507,0.001286,  0,0.008638,0.004552,0.000000,  15.981,  278,     1.8
   360.0,0.002452,0.001270,  0,0.008507,0.003855,0.000000,  15.982,  278,     1.8
   361.0,0.002411,0.001243,  0,0.008211,0.004083,0.000000,  15.993,  280,     1.8
   362.0,0.002350,0.001239,  0,0.008077,0.004430,0.000000,  15.978,  278,     1.8
   363.0,0.002335,0.001214,  0,0.007913,0.004395,0.000000,  15.989,  277,     1.8
   364.0,0.002303,0.001212,  0,0.007648,0.003963,0.000000,  15.990,  277,     1.8
   365.0,0.002252,0.001207,  0,0.007646,0.004101,0.000000,  15.992,  274,     1.8
   366.0,0.002220,0.001174,  0,0.007448,0.002579,0.000000,  15.986,  274,     1.8
   367.0,0.002179,0.001150,  0,0.007316,0.003492,0.000000,  15.980,  276,     1.8
   368.0,0.002146,0.001143,  0,0.007150,0.002813,0.000000,  15.990,  278,     1.8
   369.0,0.002103,0.001133,  0,0.006919,0.003379,0.000000,  15.989,  277,     1.8
   370.0,0.002065,0.001119,  0,0.006721,0.003938,0.000000,  15.986,  276,     1.9
   371.0,0.002037,0.001110,  0,0.006686,0.003986,0.000000,  15.990,  276,     1.9
   372.0,0.002005,0.001090,  0,0.006457,0.004004,0.000000,  15.992,  276,     1.9
   373.0,0.001984,0.001105,  0,0.006327,0.003628,0.000000,  15.990,  277,     1.9
   374.0,0.001946,0.001090,  0,0.006195,0.003901,0.000000,  15.985,  278,     1.9
   375.0,0.001901,0.001065,  0,0.006094,0.003071,0.000000,  15.984,  280,     1.9
   376.0,0.001854,0.001057,  0,0.006028,0.003492,0.000000,  15.988,  277,     1.9
   377.0,0.001833,0.001050,  0,0.005798,0.003805,0.000000,  15.984,  279,     1.9
   378.0,0.001798,0.001056,  0,0.005664,0.003871,0.000000,  15.982,  275,     1.9
   379.0,0.001773,0.001055,  0,0.005503,0.003721,0.000000,  15.988,  274,     1.9
   380.0,0.001747,0.001045,  0,0.005239,0.004207,0.000000,  15.983,  274,     1.9
   381.0,0.001715,0.001052,  0,0.005205,0.003889,0.000000,  15.979,  278,     1.9
   382.0,0.001709,0.001030,  0,0.005138,0.003955,0.000000,  15.986,  277,     1.9
   383.0,0.001712,0.001055,  0,0.005008,0.003871,0.000000,  15.982,  278,     1.9
   384.0,0.001675,0.001054,  0,0.004942,0.003745,0.000000,  15.985,  277,     1.9
   385.0,0.001656,0.001052,  0,0.004776,0.003907,0.000000,  15.983,  276,     1.9
   386.0,0.001637,0.001070,  0,0.004579,0.003991,0.000000,  15.984,  277,     1.9
   387.0,0.001629,0.001070,  0,0.004578,0.003991,0.000000,  15.983,  279,     1.9
   388.0,0.001609,0.001061,  0,0.004350,0.003991,0.000000,  15.987,  280,     1.9
   389.0,0.001590,0.001070,  0,0.004252,0.003907,0.000000,  15.986,  279,     1.9
   390.0,0.001567,0.001060,  0,0.004087,0.003996,0.000000,  15.987,  279,     2.0
   391.0,0.001554,0.001088,  0,0.003923,0.004044,0.000000,  15.992,  279,     2.0
   392.0,0.001569,0.001088,  0,0.003857,0.004104,0.000000,  15.984,  275,     2.0
   393.0,0.001561,0.001090,  0,0.003693,0.004122,0.000000,  15.991,  274,     2.0
   394.0,0.001533,0.001112,  0,0.003596,0.004247,0.000000,  15.987,  275,     2.0
   395.0,0.001546,0.001155,  0,0.003596,0.002129,0.000000,  15.978,  278,     2.0
   396.0,0.001542,0.001165,  0,0.003335,0.003077,0.000000,  15.986,  278,     2.0
   397.0,0.001535,0.001184,  0,0.003301,0.003654,0.000000,  15.987,  279,     2.0
   398.0,0.001548,0.001202,  0,0.003202,0.004056,0.000000,  15.981,  276,     2.0
   399.0,0.001537,0.001228,  0,0.003038,0.003978,0.000000,  15.985,  276,     2.0
   400.0,0.001557,0.001261,  0,0.003004,0.003817,0.000000,  15.995,  277,     2.0
   401.0,0.001555,0.001273,  0,0.002940,0.003726,0.000000,  15.992,  280,     2.0
   402.0,0.001533,0.001284,  0,0.002874,0.003750,0.000000,  15.988,  279,     2.0
   403.0,0.001544,0.001326,  0,0.002743,0.003768,0.000000,  15.994,  279,     2.0
   404.0,0.001563,0.001370,  0,0.002581,0.003828,0.000000,  15.987,  277,     2.0
   405.0,0.001576,0.001386,  0,0.002517,0.003912,0.000000,  15.991,  277,     2.0
   406.0,0.001586,0.001422,  0,0.002483,0.003972,0.000000,  15.992,  275,     2.0
   407.0,0.001584,0.001457,  0,0.002286,0.003852,0.000000,  15.995,  276,     2.0
   408.0,0.001601,0.001480,  0,0.002252,0.004212,0.000000,  15.984,  277,     2.0
   409.0,0.001631,0.001528,  0,0.002220,0.004044,0.000000,  15.991,  277,     2.0
   410.0,0.001661,0.001545,  0,0.002156,0.004009,0.000000,  15.991,  279,     2.0
   411.0,0.001669,0.001604,  0,0.002058,0.002393,0.000000,  15.993,  278,     2.1
   412.0,0.001689,0.001646,  0,0.001993,0.003720,0.000000,  15.984,  277,     2.1
   413.0,0.001718,0.001678,  0,0.001960,0.003649,0.000000,  15.988,  276,     2.1
   414.0,0.001748,0.001700,  0,0.001894,0.004274,0.000000,  15.991,  278,     2.1
   415.0,0.001759,0.001756,  0,0.001927,0.003786,0.000000,  15.992,  278,     2.1
   416.0,0.001776,0.001787,  0,0.001861,0.003852,0.000000,  15.991,  277,     2.1
   417.0,0.001799,0.001812,  0,0.001796,0.004556,0.000000,  15.992,  279,     2.1
   418.0,0.001831,0.001873,  0,0.001829,0.004755,0.000000,  15.991,  276,     2.1
   419.0,0.001840,0.001898,  0,0.001763,0.005206,0.000000,  15.986,  276,     2.1
   420.0,0.001876,0.001944,  0,0.001665,0.004740,0.000000,  15.993,  276,     2.1
   421.0,0.001904,0.001971,  0,0.001665,0.005551,0.000000,  15.993,  277,     2.1
   422.0,0.001903,0.002017,  0,0.001762,0.005716,0.000000,  15.989,  277,     2.1
   423.0,0.001916,0.002053,  0,0.001664,0.006132,0.000000,  15.986,  279,     2.1
   424.0,0.001942,0.002062,  0,0.001633,0.006976,0.000000,  15.992,  277,     2.1
   425.0,0.001961,0.002089,  0,0.001697,0.007568,0.000000,  15.984,  277,     2.1
   426.0,0.001978,0.002100,  0,0.001730,0.008025,0.000000,  15.994,  276,     2.1
   427.0,0.001986,0.002129,  0,0.001665,0.009120,0.000000,  15.990,  278,     2.1
   428.0,0.002034,0.002167,  0,0.001632,0.009949,0.000000,  15.991,  277,     2.1
   429.0,0.002061,0.002207,  0,0.001729,0.011459,0.000000,  15.992,  276,     2.1
   430.0,0.002076,0.002221,  0,0.001793,0.012461,0.000000,  15.987,  278,     2.2
   431.0,0.002084,0.002243,  0,0.001827,0.013705,0.000000,  15.992,  276,     2.2
   432.0,0.002151,0.002280,  0,0.001893,0.015018,0.000000,  15.988,  276,     2.2
   433.0,0.002172,0.002324,  0,0.001926,0.016052,0.000000,  15.978,  276,     2.2
   434.0,0.002208,0.002366,  0,0.001927,0.018698,0.000000,  15.993,  277,     2.2
   435.0,0.002231,0.002381,  0,0.001991,0.020467,0.000000,  15.977,  276,     2.2
   436.0,0.002274,0.002418,  0,0.002057,0.021797,0.000000,  15.991,  277,     2.2
   437.0,0.002299,0.002458,  0,0.002188,0.023093,0.000000,  15.977,  279,     2.2
   438.0,0.002319,0.002458,  0,0.002219,0.024632,0.000000,  15.988,  277,     2.2
   439.0,0.002342,0.002474,  0,0.002318,0.025086,0.000000,  15.988,  277,     2.2
   440.0,0.002357,0.002472,  0,0.002416,0.025961,0.000000,  15.987,  276,     2.2
   441.0,0.002361,0.002491,  0,0.002384,0.026881,0.000000,  15.985,  277,     2.2
   442.0,0.002357,0.002478,  0,0.002318,0.027230,0.000000,  15.985,  276,     2.2
   443.0,0.002350,0.002478,  0,0.002384,0.027650,0.000000,  15.986,  276,     2.2
   444.0,0.002333,0.002458,  0,0.002415,0.027929,0.000000,  15.984,  275,     2.2
   445.0,0.002314,0.002423,  0,0.002448,0.027552,0.000000,  15.988,  275,     2.2
   446.0,0.002289,0.002390,  0,0.002384,0.027454,0.000000,  15.989,  276,     2.2
   447.0,0.002257,0.002349,  0,0.002384,0.026993,0.000000,  15.985,  277,     2.2
   448.0,0.002231,0.002296,  0,0.002286,0.026730,0.000000,  15.981,  276,     2.2
   449.0,0.002182,0.002248,  0,0.002155,0.025963,0.000000,  15.985,  277,     2.2
   450.0,0.002105,0.002199,  0,0.002090,0.025086,0.000000,  15.976,  279,     2.3
   451.0,0.002060,0.002127,  0,0.002122,0.024559,0.000000,  15.987,  277,     2.3
   452.0,0.002020,0.002043,  0,0.001993,0.023745,0.000000,  15.987,  277,     2.3
   453.0,0.001943,0.001992,  0,0.001992,0.022775,0.000000,  15.983,  278,     2.3
   454.0,0.001903,0.001897,  0,0.001862,0.021749,0.000000,  15.977,  279,     2.3
   455.0,0.001846,0.001822,  0,0.001797,0.020758,0.000000,  15.978,  277,     2.3
   456.0,0.001773,0.001762,  0,0.001829,0.019659,0.000000,  15.986,  275,     2.3
   457.0,0.001722,0.001695,  0,0.001698,0.019104,0.000000,  15.986,  277,     2.3
   458.0,0.001671,0.001623,  0,0.001664,0.018267,0.000000,  15.988,  274,     2.3
   459.0,0.001601,0.001558,  0,0.001535,0.017411,0.000000,  15.985,  275,     2.3
   460.0,0.001550,0.001493,  0,0.001437,0.016415,0.000000,  15.984,  275,     2.3
   461.0,0.001486,0.001443,  0,0.001404,0.015835,0.000000,  15.979,  278,     2.3
   462.0,0.001428,0.001374,  0,0.001371,0.014686,0.000000,  15.987,  276,     2.3
   463.0,0.001369,0.001331,  0,0.001241,0.014015,0.000000,  15.983,  279,     2.3
   464.0,0.001305,0.001282,  0,0.001144,0.012165,0.000000,  15.989,  279,     2.3
   465.0,0.001271,0.001217,  0,0.001046,0.011947,0.000000,  15.983,  277,     2.3
   466.0,0.001209,0.001162,  0,0.001143,0.011334,0.000000,  15.986,  278,     2.3
   467.0,0.001167,0.001118,  0,0.001046,0.011375,0.000000,  15.989,  280,     2.3
   468.0,0.001139,0.001071,  0,0.000948,0.010913,0.000000,  15.981,  277,     2.3
   469.0,0.001079,0.001022,  0,0.000915,0.010687,0.000000,  15.989,  276,     2.3
   470.0,0.001054,0.000991,  0,0.000915,0.009832,0.000000,  15.988,  277,     2.4
   471.0,0.001016,0.000966,  0,0.000883,0.009489,0.000000,  15.975,  275,     2.4
   472.0,0.000986,0.000928,  0,0.000850,0.008920,0.000000,  15.990,  273,     2.4
   473.0,0.000973,0.000879,  0,0.000947,0.008226,0.000000,  15.991,  275,     2.4
   474.0,0.000926,0.000852,  0,0.000883,0.008143,0.000000,  15.992,  278,     2.4
   475.0,0.000926,0.000832,  0,0.000817,0.007575,0.000000,  15.988,  277,     2.4
   476.0,0.000896,0.000821,  0,0.000785,0.007696,0.000000,  15.989,  278,     2.4
   477.0,0.000889,0.000814,  0,0.000656,0.007203,0.000000,  15.992,  279,     2.4
   478.0,0.000860,0.000781,  0,0.000688,0.006986,0.000000,  15.991,  276,     2.4
   479.0,0.000866,0.000775,  0,0.000720,0.006426,0.000000,  15.990,  277,     2.4
   480.0,0.000849,0.000763,  0,0.000592,0.006411,0.000000,  15.990,  278,     2.4
   481.0,0.000834,0.000756,  0,0.000688,0.005541,0.000000,  15.986,  280,     2.4
   482.0,0.000830,0.000740,  0,0.000688,0.004009,0.000000,  15.988,  278,     2.4
   483.0,0.000819,0.000712,  0,0.000592,0.003203,0.000000,  15.980,  279,     2.4
   484.0,0.000830,0.000699,  0,0.000623,0.004527,0.000000,  15.982,  278,     2.4
   485.0,0.000812,0.000710,  0,0.000591,0.004726,0.000000,  15.970,  274,     2.4
   486.0,0.000800,0.000721,  0,0.000688,0.004667,0.000000,  15.974,  274,     2.4
   487.0,0.000784,0.000710,  0,0.000623,0.003529,0.000000,  15.958,  278,     2.4
   488.0,0.000784,0.000696,  0,0.000591,0.004026,0.000000,  15.965,  277,     2.4
   489.0,0.000763,0.000672,  0,0.000461,0.004441,0.000000,  15.957,  277,     2.4
   490.0,0.000767,0.000681,  0,0.000396,0.004759,0.000000,  15.949,  279,     2.5
   491.0,0.000756,0.000681,  0,0.000493,0.004346,0.000000,  15.938,  275,     2.5
   492.0,0.000774,0.000677,  0,0.000623,0.004508,0.000000,  15.942,  276,     2.5
   493.0,0.000761,0.000650,  0,0.000493,0.004700,0.000000,  15.931,  279,     2.5
   494.0,0.000750,0.000652,  0,0.000492,0.003491,0.000000,  15.920,  280,     2.5
   495.0,0.000744,0.000641,  0,0.000590,0.004007,0.000000,  15.907,  279,     2.5
   496.0,0.000733,0.000628,  0,0.000590,0.002537,0.000000,  15.902,  279,     2.5
   497.0,0.000728,0.000626,  0,0.000526,0.003064,0.000000,  15.888,  279,     2.5
   498.0,0.000705,0.000619,  0,0.000558,0.004349,0.000000,  15.878,  275,     2.5
   499.0,0.000716,0.000608,  0,0.000461,0.004254,0.000000,  15.864,  275,     2.5
   500.0,0.000686,0.000610,  0,0.000493,0.004327,0.000000,  15.857,  276,     2.5
   501.0,0.000692,0.000601,  0,0.000558,0.004068,0.000000,  15.844,  278,     2.5
   502.0,0.000673,0.000569,  0,0.000429,0.004009,0.000000,  15.839,  277,     2.5
   503.0,0.000662,0.000582,  0,0.000558,0.003991,0.000000,  15.824,  280,     2.5
   504.0,0.000669,0.000540,  0,0.000558,0.004404,0.000000,  15.814,  279,     2.5
   505.0,0.000649,0.000545,  0,0.000558,0.004596,0.000000,  15.806,  276,     2.5
   506.0,0.000630,0.000549,  0,0.000623,0.004362,0.000000,  15.795,  276,     2.5
   507.0,0.000613,0.000530,  0,0.000526,0.004086,0.000000,  15.792,  278,     2.5
   508.0,0.000611,0.000533,  0,0.000526,0.004170,0.000000,  15.790,  279,     2.5
   509.0,0.000615,0.000527,  0,0.000461,0.004170,0.000000,  15.786,  277,     2.5
   510.0,0.000615,0.000535,  0,0.000461,0.003768,0.000000,  15.781,  281,     2.6
   511.0,0.000615,0.000504,  0,0.000494,0.003739,0.000000,  15.780,  278,     2.6
   512.0,0.000597,0.000517,  0,0.000526,0.003925,0.000000,  15.781,  275,     2.6
   513.0,0.000597,0.000521,  0,0.000494,0.004331,0.000000,  15.781,  275,     2.6
   514.0,0.000587,0.000506,  0,0.000461,0.004272,0.000000,  15.786,  277,     2.6
   515.0,0.000602,0.000511,  0,0.000494,0.003984,0.000000,  15.793,  277,     2.6
   516.0,0.000610,0.000519,  0,0.000558,0.004278,0.000000,  15.783,  280,     2.6
   517.0,0.000602,0.000512,  0,0.000493,0.004356,0.000000,  15.801,  280,     2.6
   518.0,0.000606,0.000516,  0,0.000461,0.003425,0.000000,  15.808,  276,     2.6
   519.0,0.000578,0.000505,  0,0.000461,0.001824,0.000000,  15.817,  276,     2.6
   520.0,0.000589,0.000493,  0,0.000526,0.003071,0.000000,  15.822,  278,     2.6
   521.0,0.000585,0.000513,  0,0.000526,0.003065,0.000000,  15.826,  277,     2.6
   522.0,0.000596,0.000530,  0,0.000494,0.002747,0.000000,  15.843,  276,     2.6
   523.0,0.000594,0.000529,  0,0.000461,0.003539,0.000000,  15.852,  279,     2.6
   524.0,0.000599,0.000518,  0,0.000461,0.003636,0.000000,  15.865,  278,     2.6
   525.0,0.000581,0.000499,  0,0.000429,0.002723,0.000000,  15.872,  276,     2.6
   526.0,0.000581,0.000529,  0,0.000364,0.003101,0.000000,  15.885,  275,     2.6
   527.0,0.000586,0.000510,  0,0.000364,0.003707,0.000000,  15.887,  276,     2.6
   528.0,0.000582,0.000508,  0,0.000396,0.004193,0.000000,  15.895,  276,     2.6
   529.0,0.000576,0.000512,  0,0.000492,0.003707,0.000000,  15.909,  278,     2.6
   530.0,0.000567,0.000511,  0,0.000396,0.003378,0.000000,  15.914,  280,     2.7
   531.0,0.000578,0.000517,  0,0.000428,0.003767,0.000000,  15.918,  277,     2.7
   532.0,0.000565,0.000515,  0,0.000460,0.004018,0.000000,  15.930,  276,     2.7
   533.0,0.000585,0.000519,  0,0.000427,0.004144,0.000000,  15.929,  277,     2.7
   534.0,0.000571,0.000497,  0,0.000427,0.003665,0.000000,  15.945,  278,     2.7
   535.0,0.000564,0.000508,  0,0.000460,0.002447,0.000000,  15.944,  275,     2.7
   536.0,0.000564,0.000515,  0,0.000395,0.003322,0.000000,  15.949,  278,     2.7
   537.0,0.000583,0.000495,  0,0.000362,0.003719,0.000000,  15.957,  277,     2.7
   538.0,0.000566,0.000490,  0,0.000330,0.004204,0.000000,  15.962,  276,     2.7
   539.0,0.000575,0.000514,  0,0.000396,0.004444,0.000000,  15.959,  276,     2.7
   540.0,0.000553,0.000499,  0,0.000363,0.004144,0.000000,  15.957,  278,     2.7
   541.0,0.000564,0.000497,  0,0.000459,0.004186,0.000000,  15.969,  276,     2.7
   542.0,0.000586,0.000510,  0,0.000460,0.004413,0.000000,  15.972,  276,     2.7
   543.0,0.000578,0.000505,  0,0.000395,0.004431,0.000000,  15.976,  280,     2.7
   544.0,0.000584,0.000493,  0,0.000363,0.004288,0.000000,  15.974,  277,     2.7
   545.0,0.000565,0.000492,  0,0.000395,0.004078,0.000000,  15.977,  277,     2.7
   546.0,0.000558,0.000510,  0,0.000460,0.004085,0.000000,  15.974,  276,     2.7
   547.0,0.000550,0.000494,  0,0.000362,0.004228,0.000000,  15.976,  278,     2.7
   548.0,0.000546,0.000479,  0,0.000460,0.003994,0.000000,  15.971,  276,     2.7
   549.0,0.000552,0.000483,  0,0.000427,0.003977,0.000000,  15.982,  276,     2.7
   550.0,0.000556,0.000486,  0,0.000330,0.004228,0.000000,  15.973,  277,     2.8
   551.0,0.000558,0.000505,  0,0.000232,0.004508,0.000000,  15.983,  275,     2.8
   552.0,0.000582,0.000510,  0,0.000297,0.004598,0.000000,  15.987,  275,     2.8
   553.0,0.000580,0.000510,  0,0.000426,0.004783,0.000000,  15.989,  277,     2.8
   554.0,0.000574,0.000515,  0,0.000426,0.004675,0.000000,  15.984,  277,     2.8
   555.0,0.000591,0.000519,  0,0.000329,0.004221,0.000000,  15.990,  275,     2.8
   556.0,0.000597,0.000536,  0,0.000297,0.004567,0.000000,  15.992,  278,     2.8
   557.0,0.000586,0.000511,  0,0.000362,0.004382,0.000000,  15.987,  279,     2.8
   558.0,0.000597,0.000519,  0,0.000459,0.004221,0.000000,  15.990,  277,     2.8
   559.0,0.000589,0.000536,  0,0.000490,0.004334,0.000000,  15.987,  277,     2.8
   560.0,0.000584,0.000540,  0,0.000328,0.004794,0.000000,  15.989,  279,     2.8
   561.0,0.000589,0.000534,  0,0.000330,0.004920,0.000000,  15.989,  277,     2.8
   562.0,0.000591,0.000536,  0,0.000329,0.004686,0.000000,  15.989,  276,     2.8
   563.0,0.000586,0.000511,  0,0.000427,0.004574,0.000000,  15.989,  277,     2.8
   564.0,0.000599,0.000517,  0,0.000297,0.004138,0.000000,  15.995,  273,     2.8
   565.0,0.000588,0.000507,  0,0.000426,0.004155,0.000000,  15.994,  274,     2.8
   566.0,0.000584,0.000515,  0,0.000362,0.004347,0.000000,  15.991,  275,     2.8
   567.0,0.000597,0.000508,  0,0.000362,0.004543,0.000000,  15.991,  278,     2.8
   568.0,0.000597,0.000524,  0,0.000329,0.004365,0.000000,  15.994,  276,     2.8
   569.0,0.000603,0.000535,  0,0.000393,0.004144,0.000000,  15.993,  278,     2.8
   570.0,0.000592,0.000509,  0,0.000297,0.004270,0.000000,  15.992,  279,     2.9
   571.0,0.000571,0.000502,  0,0.000330,0.003952,0.000000,  15.991,  277,     2.9
   572.0,0.000564,0.000508,  0,0.000330,0.003935,0.000000,  15.994,  277,     2.9
   573.0,0.000560,0.000504,  0,0.000362,0.004078,0.000000,  15.988,  279,     2.9
   574.0,0.000549,0.000491,  0,0.000297,0.004144,0.000000,  15.991,  279,     2.9
   575.0,0.000562,0.000479,  0,0.000394,0.004466,0.000000,  15.987,  277,     2.9
   576.0,0.000542,0.000474,  0,0.000297,0.004239,0.000000,  15.992,  278,     2.9
   577.0,0.000537,0.000490,  0,0.000297,0.004675,0.000000,  15.991,  276,     2.9
   578.0,0.000548,0.000475,  0,0.000265,0.004515,0.000000,  15.994,  274,     2.9
   579.0,0.000537,0.000449,  0,0.000394,0.004598,0.000000,  15.991,  274,     2.9
   580.0,0.000555,0.000466,  0,0.000362,0.004431,0.000000,  15.991,  276,     2.9
   581.0,0.000542,0.000450,  0,0.000329,0.004449,0.000000,  15.988,  277,     2.9
   582.0,0.000553,0.000474,  0,0.000264,0.003970,0.000000,  15.988,  278,     2.9
   583.0,0.000542,0.000468,  0,0.000394,0.002860,0.000000,  15.990,  279,     2.9
   584.0,0.000553,0.000477,  0,0.000297,0.002495,0.000000,  15.989,  276,     2.9
   585.0,0.000548,0.000451,  0,0.000297,0.004189,0.000000,  15.993,  277,     2.9
   586.0,0.000561,0.000457,  0,0.000167,0.003230,0.000000,  15.992,  278,     2.9
   587.0,0.000544,0.000455,  0,0.000200,0.004458,0.000000,  15.988,  281,     2.9
   588.0,0.000563,0.000462,  0,0.000297,0.004578,0.000000,  15.990,  278,     2.9
   589.0,0.000576,0.000462,  0,0.000200,0.002477,0.000000,  15.993,  279,     2.9
   590.0,0.000576,0.000453,  0,0.000265,0.003783,0.000000,  15.994,  278,     3.0
   591.0,0.000576,0.000475,  0,0.000329,0.004519,0.000000,  15.995,  276,     3.0
   592.0,0.000543,0.000456,  0,0.000297,0.004501,0.000000,  15.992,  273,     3.0
   593.0,0.000554,0.000459,  0,0.000330,0.004371,0.000000,  15.992,  276,     3.0
   594.0,0.000548,0.000459,  0,0.000394,0.004054,0.000000,  15.992,  278,     3.0
   595.0,0.000565,0.000443,  0,0.000297,0.004096,0.000000,  15.992,  277,     3.0
   596.0,0.000565,0.000469,  0,0.000297,0.002932,0.000000,  15.995,  280,     3.0
   597.0,0.000556,0.000464,  0,0.000329,0.004017,0.000000,  15.993,  278,     3.0
   598.0,0.000562,0.000447,  0,0.000297,0.004006,0.000000,  15.993,  275,     3.0
   599.0,0.000545,0.000447,  0,0.000330,0.004096,0.000000,  15.994,  276,     3.0
   600.0,0.000532,0.000451,  0,0.000330,0.004155,0.000000,  15.992,  280,     3.0
   601.0,0.000543,0.000426,  0,0.000297,0.003827,0.000000,  15.998,  278,     3.0
   602.0,0.000522,0.000431,  0,0.000297,0.004341,0.000000,  15.998,  278,     3.0
   603.0,0.000537,0.000425,  0,0.000265,0.004043,0.000000,  16.001,  280,     3.0
   604.0,0.000558,0.000445,  0,0.000265,0.003994,0.000000,  16.001,  276,     3.0
   605.0,0.000547,0.000443,  0,0.000297,0.003640,0.000000,  15.998,  275,     3.0
   606.0,0.000530,0.000432,  0,0.000329,0.003237,0.000000,  16.000,  275,     3.0
   607.0,0.000506,0.000427,  0,0.000329,0.004118,0.000000,  16.001,  277,     3.0
   608.0,0.000519,0.000423,  0,0.000362,0.003796,0.000000,  16.003,  278,     3.0
   609.0,0.000496,0.000402,  0,0.000330,0.004215,0.000000,  16.005,  280,     3.0
   610.0,0.000487,0.000421,  0,0.000297,0.003111,0.000000,  16.004,  277,     3.1
   611.0,0.000493,0.000393,  0,0.000265,0.003848,0.000000,  16.006,  276,     3.1
   612.0,0.000487,0.000402,  0,0.000200,0.003123,0.000000,  16.004,  275,     3.1
   613.0,0.000493,0.000411,  0,0.000265,0.003807,0.000000,  16.005,  278,     3.1
   614.0,0.000489,0.000406,  0,0.000330,0.003964,0.000000,  16.003,  278,     3.1
   615.0,0.000499,0.000387,  0,0.000297,0.003838,0.000000,  16.004,  277,     3.1
   616.0,0.000506,0.000393,  0,0.000297,0.004197,0.000000,  16.007,  280,     3.1
   617.0,0.000504,0.000376,  0,0.000394,0.004096,0.000000,  16.007,  278,     3.1
   618.0,0.000501,0.000400,  0,0.000265,0.004089,0.000000,  15.992,  276,     3.1
   619.0,0.000501,0.000423,  0,0.000200,0.003267,0.000000,  16.004,  276,     3.1
   620.0,0.000508,0.000396,  0,0.000330,0.003453,0.000000,  16.004,  277,     3.1
   621.0,0.000508,0.000389,  0,0.000330,0.004275,0.000000,  16.003,  277,     3.1
   622.0,0.000497,0.000401,  0,0.000330,0.004006,0.000000,  16.006,  277,     3.1
   623.0,0.000508,0.000393,  0,0.000265,0.003617,0.000000,  16.005,  280,     3.1
   624.0,0.000490,0.000391,  0,0.000330,0.004012,0.000000,  15.996,  276,     3.1
   625.0,0.000480,0.000386,  0,0.000265,0.004305,0.000000,  16.014,  276,     3.1
   626.0,0.000510,0.000406,  0,0.000297,0.004114,0.000000,  16.008,  278,     3.1
   627.0,0.000486,0.000387,  0,0.000265,0.003509,0.000000,  16.010,  277,     3.1
   628.0,0.000471,0.000398,  0,0.000265,0.004138,0.000000,  16.008,  276,     3.1
   629.0,0.000499,0.000383,  0,0.000265,0.004173,0.000000,  16.009,  276,     3.1
   630.0,0.000494,0.000409,  0,0.000329,0.004138,0.000000,  16.006,  275,     3.2
   631.0,0.000488,0.000409,  0,0.000362,0.004180,0.000000,  16.009,  277,     3.2
   632.0,0.000490,0.000400,  0,0.000265,0.003653,0.000000,  16.012,  275,     3.2
   633.0,0.000477,0.000394,  0,0.000330,0.003893,0.000000,  16.009,  277,     3.2
   634.0,0.000496,0.000396,  0,0.000233,0.004305,0.000000,  15.999,  277,     3.2
   635.0,0.000485,0.000394,  0,0.000297,0.004072,0.000000,  16.004,  277,     3.2
   636.0,0.000475,0.000407,  0,0.000233,0.002603,0.000000,  16.014,  281,     3.2
   637.0,0.000496,0.000386,  0,0.000266,0.003130,0.000000,  16.015,  278,     3.2
   638.0,0.000496,0.000384,  0,0.000298,0.003100,0.000000,  16.008,  277,     3.2
   639.0,0.000470,0.000373,  0,0.000331,0.002087,0.000000,  16.011,  276,     3.2
   640.0,0.000470,0.000345,  0,0.000234,0.003538,0.000000,  16.011,  278,     3.2
   641.0,0.000448,0.000376,  0,0.000297,0.003940,0.000000,  16.010,  276,     3.2
   642.0,0.000448,0.000372,  0,0.000298,0.004275,0.000000,  16.007,  275,     3.2
   643.0,0.000481,0.000380,  0,0.000265,0.004078,0.000000,  16.011,  276,     3.2
   644.0,0.000504,0.000393,  0,0.000265,0.004246,0.000000,  16.011,  275,     3.2
   645.0,0.000494,0.000375,  0,0.000265,0.002453,0.000000,  16.005,  275,     3.2
   646.0,0.000470,0.000372,  0,0.000297,0.003185,0.000000,  16.006,  275,     3.2
   647.0,0.000470,0.000388,  0,0.000233,0.003880,0.000000,  15.995,  276,     3.2
   648.0,0.000470,0.000375,  0,0.000103,0.004400,0.000000,  16.005,  276,     3.2
   649.0,0.000481,0.000388,  0,0.000232,0.004233,0.000000,  16.006,  278,     3.2
   650.0,0.000468,0.000383,  0,0.000265,0.003964,0.000000,  16.003,  277,     3.3
   651.0,0.000466,0.000383,  0,0.000200,0.002579,0.000000,  16.004,  277,     3.3
   652.0,0.000447,0.000386,  0,0.000233,0.003956,0.000000,  16.006,  277,     3.3
   653.0,0.000464,0.000375,  0,0.000232,0.003778,0.000000,  16.007,  278,     3.3
   654.0,0.000462,0.000374,  0,0.000330,0.003743,0.000000,  16.005,  276,     3.3
   655.0,0.000462,0.000370,  0,0.000265,0.003617,0.000000,  16.006,  275,     3.3
   656.0,0.000479,0.000368,  0,0.000330,0.003970,0.000000,  15.995,  277,     3.3
   657.0,0.000468,0.000368,  0,0.000297,0.004490,0.000000,  16.006,  274,     3.3
   658.0,0.000479,0.000388,  0,0.000232,0.004801,0.000000,  15.998,  275,     3.3
   659.0,0.000481,0.000378,  0,0.000263,0.004777,0.000000,  16.005,  276,     3.3
   660.0,0.000481,0.000386,  0,0.000200,0.004651,0.000000,  15.995,  277,     3.3
   661.0,0.000487,0.000403,  0,0.000232,0.004382,0.000000,  16.004,  276,     3.3
   662.0,0.000498,0.000406,  0,0.000265,0.004508,0.000000,  16.003,  277,     3.3
   663.0,0.000498,0.000398,  0,0.000297,0.004473,0.000000,  16.005,  279,     3.3
   664.0,0.000494,0.000409,  0,0.000297,0.004316,0.000000,  16.013,  277,     3.3
   665.0,0.000487,0.000400,  0,0.000168,0.004060,0.000000,  16.010,  277,     3.3
   666.0,0.000487,0.000406,  0,0.000297,0.004431,0.000000,  16.008,  277,     3.3
   667.0,0.000476,0.000404,  0,0.000297,0.004735,0.000000,  16.010,  278,     3.3
   668.0,0.000487,0.000396,  0,0.000232,0.003418,0.000000,  16.005,  277,     3.3
   669.0,0.000483,0.000408,  0,0.000362,0.003285,0.000000,  16.006,  277,     3.3
   670.0,0.000494,0.000413,  0,0.000232,0.004363,0.000000,  16.005,  275,     3.4
   671.0,0.000496,0.000407,  0,0.000297,0.004131,0.000000,  16.001,  274,     3.4
   672.0,0.000494,0.000408,  0,0.000265,0.004449,0.000000,  16.012,  275,     3.4
   673.0,0.000489,0.000402,  0,0.000167,0.004149,0.000000,  16.007,  277,     3.4
   674.0,0.000497,0.000409,  0,0.000232,0.004609,0.000000,  16.006,  277,     3.4
   675.0,0.000521,0.000377,  0,0.000264,0.004173,0.000000,  16.008,  276,     3.4
   676.0,0.000499,0.000383,  0,0.000297,0.004054,0.000000,  16.003,  279,     3.4
   677.0,0.000484,0.000402,  0,0.000362,0.002549,0.000000,  16.013,  276,     3.4
   678.0,0.000499,0.000387,  0,0.000362,0.003478,0.000000,  16.011,  277,     3.4
   679.0,0.000480,0.000403,  0,0.000330,0.003604,0.000000,  16.012,  278,     3.4
   680.0,0.000467,0.000411,  0,0.000330,0.003730,0.000000,  16.012,  280,     3.4
   681.0,0.000461,0.000400,  0,0.000330,0.003904,0.000000,  16.013,  278,     3.4
   682.0,0.000478,0.000377,  0,0.000297,0.003653,0.000000,  16.009,  277,     3.4
   683.0,0.000458,0.000405,  0,0.000330,0.004131,0.000000,  16.004,  277,     3.4
   684.0,0.000463,0.000405,  0,0.000297,0.004149,0.000000,  16.013,  274,     3.4
   685.0,0.000482,0.000407,  0,0.000264,0.004138,0.000000,  16.014,  274,     3.4
   686.0,0.000458,0.000397,  0,0.000265,0.003928,0.000000,  16.013,  275,     3.4
   687.0,0.000452,0.000409,  0,0.000234,0.003761,0.000000,  16.014,  278,     3.4
   688.0,0.000475,0.000385,  0,0.000265,0.003851,0.000000,  16.013,  277,     3.4
   689.0,0.000492,0.000390,  0,0.000265,0.003785,0.000000,  16.013,  279,     3.4
   690.0,0.000488,0.000420,  0,0.000297,0.003322,0.000000,  16.012,  275,     3.5
   691.0,0.000499,0.000416,  0,0.000362,0.002795,0.000000,  16.015,  276,     3.5
   692.0,0.000477,0.000397,  0,0.000362,0.003873,0.000000,  16.015,  277,     3.5
   693.0,0.000484,0.000388,  0,0.000297,0.003491,0.000000,  15.999,  281,     3.5
   694.0,0.000494,0.000395,  0,0.000394,0.004036,0.000000,  16.016,  280,     3.5
   695.0,0.000510,0.000402,  0,0.000297,0.004323,0.000000,  16.009,  278,     3.5
   696.0,0.000499,0.000401,  0,0.000297,0.003970,0.000000,  16.012,  279,     3.5
   697.0,0.000520,0.000408,  0,0.000200,0.003946,0.000000,  16.011,  277,     3.5
   698.0,0.000516,0.000425,  0,0.000232,0.004167,0.000000,  16.012,  274,     3.5
   699.0,0.000505,0.000406,  0,0.000264,0.003687,0.000000,  16.000,  276,     3.5
   700.0,0.000510,0.000412,  0,0.000297,0.003207,0.000000,  16.013,  277,     3.5
   701.0,0.000505,0.000409,  0,0.000264,0.003730,0.000000,  16.011,  277,     3.5
   702.0,0.000505,0.000419,  0,0.000297,0.004233,0.000000,  16.015,  279,     3.5
   703.0,0.000520,0.000418,  0,0.000264,0.004208,0.000000,  16.014,  278,     3.5
   704.0,0.000522,0.000427,  0,0.000330,0.002627,0.000000,  16.011,  275,     3.5
   705.0,0.000512,0.000425,  0,0.000297,0.003669,0.000000,  16.013,  276,     3.5
   706.0,0.000516,0.000412,  0,0.000297,0.003933,0.000000,  16.010,  279,     3.5
   707.0,0.000529,0.000415,  0,0.000200,0.003922,0.000000,  16.013,  279,     3.5
   708.0,0.000518,0.000425,  0,0.000297,0.004065,0.000000,  16.010,  278,     3.5
   709.0,0.000531,0.000437,  0,0.000264,0.004072,0.000000,  16.008,  280,     3.5
   710.0,0.000513,0.000432,  0,0.000232,0.004006,0.000000,  16.010,  277,     3.6
   711.0,0.000509,0.000433,  0,0.000169,0.004173,0.000000,  16.008,  276,     3.6
   712.0,0.000520,0.000431,  0,0.000135,0.004149,0.000000,  16.010,  274,     3.6
   713.0,0.000487,0.000415,  0,0.000167,0.003796,0.000000,  16.010,  276,     3.6
   714.0,0.000509,0.000426,  0,0.000265,0.003514,0.000000,  16.010,  277,     3.6
   715.0,0.000528,0.000426,  0,0.000200,0.002669,0.000000,  16.010,  277,     3.6
   716.0,0.000505,0.000410,  0,0.000297,0.003640,0.000000,  16.007,  281,     3.6
   717.0,0.000506,0.000422,  0,0.000297,0.003658,0.000000,  16.007,  276,     3.6
   718.0,0.000511,0.000389,  0,0.000330,0.002441,0.000000,  16.000,  275,     3.6
   719.0,0.000500,0.000384,  0,0.000330,0.003377,0.000000,  16.005,  277,     3.6
   720.0,0.000500,0.000413,  0,0.000362,0.003628,0.000000,  15.999,  277,     3.6
   721.0,0.000498,0.000403,  0,0.000361,0.003988,0.000000,  16.008,  277,     3.6
   722.0,0.000491,0.000413,  0,0.000297,0.003701,0.000000,  16.005,  279,     3.6
   723.0,0.000491,0.000405,  0,0.000329,0.003778,0.000000,  16.000,  278,     3.6
   724.0,0.000482,0.000392,  0,0.000264,0.003988,0.000000,  16.003,  277,     3.6
   725.0,0.000487,0.000407,  0,0.000297,0.003088,0.000000,  15.999,  276,     3.6
   726.0,0.000491,0.000410,  0,0.000297,0.003232,0.000000,  16.006,  276,     3.6
   727.0,0.000487,0.000409,  0,0.000297,0.003437,0.000000,  16.000,  277,     3.6
   728.0,0.000498,0.000425,  0,0.000200,0.003653,0.000000,  16.002,  277,     3.6
   729.0,0.000506,0.000410,  0,0.000265,0.003928,0.000000,  15.998,  279,     3.6
   730.0,0.000498,0.000392,  0,0.000265,0.003052,0.000000,  16.001,  277,     3.7
   731.0,0.000502,0.000404,  0,0.000199,0.003338,0.000000,  15.993,  277,     3.7
   732.0,0.000502,0.000416,  0,0.000199,0.003817,0.000000,  15.999,  276,     3.7
   733.0,0.000504,0.000412,  0,0.000167,0.004160,0.000000,  15.998,  278,     3.7
   734.0,0.000498,0.000399,  0,0.000167,0.003964,0.000000,  15.995,  277,     3.7
   735.0,0.000493,0.000383,  0,0.000297,0.004096,0.000000,  15.998,  276,     3.7
   736.0,0.000504,0.000388,  0,0.000265,0.003970,0.000000,  16.003,  279,     3.7
   737.0,0.000504,0.000408,  0,0.000264,0.004054,0.000000,  16.001,  276,     3.7
   738.0,0.000501,0.000414,  0,0.000232,0.004257,0.000000,  16.001,  276,     3.7
   739.0,0.000501,0.000414,  0,0.000263,0.004226,0.000000,  16.002,  276,     3.7
   740.0,0.000519,0.000425,  0,0.000264,0.003256,0.000000,  15.994,  277,     3.7
   741.0,0.000520,0.000419,  0,0.000233,0.003022,0.000000,  15.990,  276,     3.7
   742.0,0.000520,0.000395,  0,0.000200,0.003658,0.000000,  16.002,  281,     3.7
   743.0,0.000508,0.000413,  0,0.000265,0.004257,0.000000,  15.995,  279,     3.7
   744.0,0.000512,0.000413,  0,0.000362,0.003112,0.000000,  15.993,  277,     3.7
   745.0,0.000491,0.000409,  0,0.000329,0.002813,0.000000,  15.997,  277,     3.7
   746.0,0.000480,0.000411,  0,0.000362,0.003478,0.000000,  16.001,  278,     3.7
   747.0,0.000508,0.000419,  0,0.000265,0.003862,0.000000,  15.992,  276,     3.7
   748.0,0.000491,0.000431,  0,0.000200,0.004149,0.000000,  16.000,  275,     3.7
   749.0,0.000519,0.000413,  0,0.000200,0.004120,0.000000,  15.993,  276,     3.7
   750.0,0.000510,0.000424,  0,0.000297,0.003833,0.000000,  15.994,  275,     3.8
   751.0,0.000518,0.000405,  0,0.000265,0.002818,0.000000,  15.995,  275,     3.8
   752.0,0.000535,0.000401,  0,0.000265,0.003448,0.000000,  15.997,  275,     3.8
   753.0,0.000520,0.000414,  0,0.000330,0.003838,0.000000,  15.995,  277,     3.8
   754.0,0.000517,0.000429,  0,0.000200,0.004089,0.000000,  15.993,  276,     3.8
   755.0,0.000539,0.000441,  0,0.000362,0.003761,0.000000,  15.999,  277,     3.8
   756.0,0.000539,0.000432,  0,0.000330,0.003743,0.000000,  15.997,  280,     3.8
   757.0,0.000533,0.000440,  0,0.000200,0.003977,0.000000,  15.992,  277,     3.8
   758.0,0.000535,0.000421,  0,0.000136,0.003881,0.000000,  15.996,  277,     3.8
   759.0,0.000539,0.000407,  0,0.000200,0.004420,0.000000,  15.982,  278,     3.8
   760.0,0.000515,0.000427,  0,0.000200,0.004515,0.000000,  15.995,  277,     3.8
   761.0,0.000528,0.000406,  0,0.000297,0.004288,0.000000,  15.994,  276,     3.8
   762.0,0.000517,0.000423,  0,0.000297,0.003977,0.000000,  15.992,  275,     3.8
   763.0,0.000511,0.000438,  0,0.000297,0.002819,0.000000,  15.989,  273,     3.8
   764.0,0.000526,0.000434,  0,0.000200,0.003514,0.000000,  15.990,  275,     3.8
   765.0,0.000532,0.000432,  0,0.000265,0.003838,0.000000,  15.994,  275,     3.8
   766.0,0.000549,0.000429,  0,0.000330,0.003862,0.000000,  15.991,  277,     3.8
   767.0,0.000549,0.000450,  0,0.000297,0.003694,0.000000,  15.992,  277,     3.8
   768.0,0.000551,0.000461,  0,0.000394,0.003701,0.000000,  15.991,  276,     3.8
   769.0,0.000549,0.000459,  0,0.000362,0.003491,0.000000,  15.994,  279,     3.8
   770.0,0.000543,0.000450,  0,0.000297,0.002363,0.000000,  15.994,  277,     3.9
   771.0,0.000545,0.000448,  0,0.000297,0.003364,0.000000,  15.982,  277,     3.9
   772.0,0.000528,0.000433,  0,0.000297,0.003736,0.000000,  15.992,  277,     3.9
   773.0,0.000523,0.000414,  0,0.000265,0.003617,0.000000,  15.996,  279,     3.9
   774.0,0.000519,0.000429,  0,0.000136,0.003203,0.000000,  15.995,  277,     3.9
   775.0,0.000536,0.000426,  0,0.000265,0.003575,0.000000,  15.997,  277,     3.9
   776.0,0.000538,0.000422,  0,0.000200,0.003802,0.000000,  15.991,  276,     3.9
   777.0,0.000551,0.000422,  0,0.000200,0.003575,0.000000,  15.994,  274,     3.9
   778.0,0.000544,0.000437,  0,0.000330,0.003179,0.000000,  15.991,  274,     3.9
   779.0,0.000542,0.000438,  0,0.000233,0.003407,0.000000,  15.994,  276,     3.9
   780.0,0.000524,0.000423,  0,0.000167,0.003869,0.000000,  15.995,  277,     3.9
   781.0,0.000548,0.000438,  0,0.000232,0.003917,0.000000,  15.991,  277,     3.9
   782.0,0.000542,0.000429,  0,0.000167,0.003827,0.000000,  15.993,  278,     3.9
   783.0,0.000537,0.000425,  0,0.000297,0.003935,0.000000,  15.999,  276,     3.9
   784.0,0.000537,0.000427,  0,0.000167,0.004180,0.000000,  15.997,  276,     3.9
   785.0,0.000537,0.000434,  0,0.000200,0.004239,0.000000,  15.994,  278,     3.9
   786.0,0.000531,0.000427,  0,0.000264,0.003970,0.000000,  15.985,  280,     3.9
   787.0,0.000548,0.000421,  0,0.000233,0.004078,0.000000,  15.998,  278,     3.9
   788.0,0.000533,0.000426,  0,0.000297,0.004036,0.000000,  16.001,  278,     3.9
   789.0,0.000539,0.000397,  0,0.000200,0.003820,0.000000,  16.001,  279,     3.9
   790.0,0.000535,0.000428,  0,0.000232,0.004155,0.000000,  15.999,  275,     4.0
   791.0,0.000528,0.000432,  0,0.000167,0.004054,0.000000,  15.992,  274,     4.0
   792.0,0.000545,0.000423,  0,0.000265,0.002722,0.000000,  15.999,  276,     4.0
   793.0,0.000541,0.000433,  0,0.000200,0.003753,0.000000,  15.999,  278,     4.0
   794.0,0.000541,0.000446,  0,0.000232,0.004149,0.000000,  15.992,  277,     4.0
   795.0,0.000537,0.000432,  0,0.000135,0.004400,0.000000,  15.994,  279,     4.0
   796.0,0.000549,0.000423,  0,0.000135,0.003970,0.000000,  15.991,  278,     4.0
   797.0,0.000571,0.000426,  0,0.000233,0.003707,0.000000,  15.997,  276,     4.0
   798.0,0.000571,0.000418,  0,0.000265,0.004323,0.000000,  15.995,  276,     4.0
   799.0,0.000543,0.000427,  0,0.000200,0.004173,0.000000,  15.996,  279,     4.0
   800.0,0.000537,0.000429,  0,0.000265,0.003820,0.000000,  15.990,  280,     4.0
   801.0,0.000549,0.000457,  0,0.000297,0.003611,0.000000,  15.993,  278,     4.0
   802.0,0.000538,0.000424,  0,0.000200,0.003509,0.000000,  15.998,  281,     4.0
   803.0,0.000532,0.000428,  0,0.000297,0.003179,0.000000,  15.992,  278,     4.0
   804.0,0.000517,0.000422,  0,0.000297,0.003382,0.000000,  15.992,  275,     4.0
   805.0,0.000528,0.000435,  0,0.000201,0.002076,0.000000,  15.994,  274,     4.0
   806.0,0.000545,0.000427,  0,0.000201,0.003083,0.000000,  16.000,  277,     4.0
   807.0,0.000551,0.000437,  0,0.000265,0.003263,0.000000,  15.997,  277,     4.0
   808.0,0.000549,0.000437,  0,0.000168,0.003736,0.000000,  15.998,  277,     4.0
   809.0,0.000542,0.000451,  0,0.000168,0.003736,0.000000,  15.999,  280,     4.0
   810.0,0.000547,0.000457,  0,0.000265,0.003281,0.000000,  16.000,  276,     4.1
   811.0,0.000536,0.000444,  0,0.000200,0.003719,0.000000,  15.997,  276,     4.1
   812.0,0.000555,0.000444,  0,0.000169,0.003791,0.000000,  15.990,  279,     4.1
   813.0,0.000538,0.000437,  0,0.000265,0.002962,0.000000,  16.000,  279,     4.1
   814.0,0.000514,0.000447,  0,0.000232,0.002029,0.000000,  16.000,  278,     4.1
   815.0,0.000533,0.000436,  0,0.000232,0.003766,0.000000,  15.990,  280,     4.1
   816.0,0.000533,0.000453,  0,0.000200,0.004215,0.000000,  16.004,  279,     4.1
   817.0,0.000546,0.000448,  0,0.000167,0.004191,0.000000,  16.003,  277,     4.1
   818.0,0.000535,0.000443,  0,0.000135,0.004107,0.000000,  16.001,  275,     4.1
   819.0,0.000533,0.000438,  0,0.000200,0.003725,0.000000,  15.998,  276,     4.1
   820.0,0.000565,0.000441,  0,0.000265,0.003665,0.000000,  15.995,  277,     4.1
   821.0,0.000548,0.000463,  0,0.000201,0.002082,0.000000,  16.002,  277,     4.1
   822.0,0.000554,0.000458,  0,0.000200,0.003034,0.000000,  15.997,  281,     4.1
   823.0,0.000533,0.000465,  0,0.000135,0.003142,0.000000,  16.001,  277,     4.1
   824.0,0.000546,0.000472,  0,0.000297,0.003628,0.000000,  16.002,  276,     4.1
   825.0,0.000556,0.000468,  0,0.000297,0.003838,0.000000,  16.002,  276,     4.1
   826.0,0.000580,0.000457,  0,0.000200,0.003946,0.000000,  16.003,  279,     4.1
   827.0,0.000588,0.000481,  0,0.000201,0.003701,0.000000,  16.004,  278,     4.1
   828.0,0.000599,0.000488,  0,0.000200,0.003994,0.000000,  15.996,  277,     4.1
   829.0,0.000577,0.000494,  0,0.000200,0.003791,0.000000,  15.999,  279,     4.1
   830.0,0.000584,0.000501,  0,0.000265,0.003970,0.000000,  16.002,  279,     4.2
   831.0,0.000601,0.000504,  0,0.000136,0.003994,0.000000,  15.996,  276,     4.2
   832.0,0.000592,0.000506,  0,0.000201,0.002621,0.000000,  15.995,  276,     4.2
   833.0,0.000598,0.000510,  0,0.000201,0.003269,0.000000,  15.992,  276,     4.2
   834.0,0.000598,0.000510,  0,0.000233,0.004131,0.000000,  15.998,  277,     4.2
   835.0,0.000592,0.000510,  0,0.000232,0.003617,0.000000,  16.004,  281,     4.2
   836.0,0.000590,0.000516,  0,0.000298,0.002435,0.000000,  15.992,  279,     4.2
   837.0,0.000590,0.000491,  0,0.000265,0.003412,0.000000,  15.996,  276,     4.2
   838.0,0.000585,0.000480,  0,0.000200,0.002753,0.000000,  15.995,  275,     4.2
   839.0,0.000596,0.000500,  0,0.000330,0.003478,0.000000,  15.998,  278,     4.2
   840.0,0.000574,0.000471,  0,0.000266,0.001836,0.000000,  15.996,  277,     4.2
   841.0,0.000581,0.000462,  0,0.000233,0.002543,0.000000,  15.994,  276,     4.2
   842.0,0.000559,0.000457,  0,0.000200,0.001698,0.000000,  15.992,  278,     4.2
   843.0,0.000537,0.000468,  0,0.000201,0.003053,0.000000,  15.992,  276,     4.2
   844.0,0.000574,0.000446,  0,0.000169,0.003653,0.000000,  16.000,  276,     4.2
   845.0,0.000582,0.000483,  0,0.000168,0.003712,0.000000,  16.000,  276,     4.2
   846.0,0.000576,0.000492,  0,0.000201,0.003515,0.000000,  15.998,  276,     4.2
   847.0,0.000584,0.000503,  0,0.000266,0.003797,0.000000,  15.998,  276,     4.2
   848.0,0.000573,0.000488,  0,0.000202,0.003455,0.000000,  15.992,  276,     4.2
   849.0,0.000586,0.000490,  0,0.000169,0.003749,0.000000,  15.994,  280,     4.2
   850.0,0.000588,0.000479,  0,0.000202,0.003581,0.000000,  15.997,  277,     4.3
   851.0,0.000570,0.000475,  0,0.000299,0.003546,0.000000,  16.000,  277,     4.3
   852.0,0.000564,0.000473,  0,0.000202,0.003473,0.000000,  15.985,  276,     4.3
   853.0,0.000577,0.000460,  0,0.000266,0.002459,0.000000,  15.999,  277,     4.3
   854.0,0.000577,0.000450,  0,0.000201,0.003593,0.000000,  15.997,  275,     4.3
   855.0,0.000583,0.000456,  0,0.000137,0.003952,0.000000,  15.994,  278,     4.3
   856.0,0.000574,0.000475,  0,0.000169,0.003941,0.000000,  15.996,  274,     4.3
   857.0,0.000574,0.000489,  0,0.000136,0.003875,0.000000,  15.994,  275,     4.3
   858.0,0.000551,0.000476,  0,0.000234,0.002261,0.000000,  16.000,  275,     4.3
   859.0,0.000568,0.000472,  0,0.000266,0.002849,0.000000,  16.000,  277,     4.3
   860.0,0.000583,0.000478,  0,0.000234,0.002585,0.000000,  16.000,  276,     4.3
   861.0,0.000578,0.000472,  0,0.000298,0.003461,0.000000,  16.000,  277,     4.3
   862.0,0.000572,0.000478,  0,0.000234,0.002303,0.000000,  16.007,  280,     4.3
   863.0,0.000563,0.000487,  0,0.000331,0.003659,0.000000,  16.004,  278,     4.3
   864.0,0.000574,0.000476,  0,0.000298,0.003665,0.000000,  16.010,  277,     4.3
   865.0,0.000586,0.000459,  0,0.000331,0.003780,0.000000,  16.007,  279,     4.3
   866.0,0.000593,0.000481,  0,0.000331,0.003839,0.000000,  16.006,  278,     4.3
   867.0,0.000590,0.000466,  0,0.000330,0.003731,0.000000,  16.008,  276,     4.3
   868.0,0.000606,0.000484,  0,0.000331,0.003630,0.000000,  16.007,  275,     4.3
   869.0,0.000618,0.000497,  0,0.000235,0.003696,0.000000,  16.006,  276,     4.3
   870.0,0.000605,0.000478,  0,0.000266,0.003630,0.000000,  16.006,  274,     4.4
   871.0,0.000599,0.000482,  0,0.000331,0.003899,0.000000,  16.006,  275,     4.4
   872.0,0.000590,0.000475,  0,0.000299,0.002705,0.000000,  16.003,  276,     4.4
   873.0,0.000579,0.000480,  0,0.000267,0.002969,0.000000,  16.009,  277,     4.4
   874.0,0.000602,0.000472,  0,0.000267,0.003059,0.000000,  16.007,  276,     4.4
   875.0,0.000609,0.000513,  0,0.000267,0.003641,0.000000,  16.014,  279,     4.4
   876.0,0.000613,0.000517,  0,0.000233,0.003731,0.000000,  16.008,  277,     4.4
   877.0,0.000615,0.000507,  0,0.000331,0.004109,0.000000,  16.009,  277,     4.4
   878.0,0.000621,0.000521,  0,0.000299,0.003755,0.000000,  16.011,  278,     4.4
   879.0,0.000621,0.000520,  0,0.000202,0.003923,0.000000,  16.003,  281,     4.4
   880.0,0.000606,0.000503,  0,0.000364,0.004025,0.000000,  16.011,  277,     4.4
   881.0,0.000608,0.000513,  0,0.000396,0.003881,0.000000,  16.010,  276,     4.4
   882.0,0.000603,0.000503,  0,0.000330,0.003899,0.000000,  16.012,  276,     4.4
   883.0,0.000616,0.000516,  0,0.000332,0.003822,0.000000,  16.006,  275,     4.4
   884.0,0.000590,0.000503,  0,0.000299,0.003419,0.000000,  16.018,  274,     4.4
   885.0,0.000590,0.000512,  0,0.000332,0.002867,0.000000,  16.021,  277,     4.4
   886.0,0.000581,0.000508,  0,0.000234,0.003988,0.000000,  16.018,  277,     4.4
   887.0,0.000583,0.000509,  0,0.000234,0.003053,0.000000,  16.021,  277,     4.4
   888.0,0.000587,0.000480,  0,0.000235,0.002681,0.000000,  16.017,  279,     4.4
   889.0,0.000578,0.000473,  0,0.000268,0.003437,0.000000,  16.019,  277,     4.4
   890.0,0.000590,0.000487,  0,0.000268,0.003666,0.000000,  16.022,  276,     4.5
   891.0,0.000592,0.000485,  0,0.000202,0.003870,0.000000,  16.022,  278,     4.5
   892.0,0.000599,0.000470,  0,0.000267,0.003744,0.000000,  16.025,  280,     4.5
   893.0,0.000613,0.000450,  0,0.000203,0.001919,0.000000,  16.023,  280,     4.5
   894.0,0.000589,0.000469,  0,0.000268,0.003449,0.000000,  16.018,  278,     4.5
   895.0,0.000571,0.000478,  0,0.000203,0.003570,0.000000,  16.028,  279,     4.5
   896.0,0.000564,0.000464,  0,0.000236,0.002309,0.000000,  16.030,  277,     4.5
   897.0,0.000588,0.000454,  0,0.000236,0.002855,0.000000,  16.033,  274,     4.5
   898.0,0.000564,0.000462,  0,0.000302,0.003114,0.000000,  16.034,  274,     4.5
   899.0,0.000559,0.000430,  0,0.000171,0.003750,0.000000,  16.034,  277,     4.5
   900.0,0.000578,0.000441,  0,0.000172,0.002753,0.000000,  16.032,  278,     4.5
   901.0,0.000563,0.000448,  0,0.000269,0.003029,0.000000,  16.025,  277,     4.5
   902.0,0.000548,0.000454,  0,0.000204,0.003216,0.000000,  16.036,  278,     4.5
   903.0,0.000578,0.000441,  0,0.000205,0.002976,0.000000,  16.031,  276,     4.5
   904.0,0.000563,0.000428,  0,0.000237,0.003036,0.000000,  16.041,  276,     4.5
   905.0,0.000564,0.000428,  0,0.000270,0.002856,0.000000,  16.039,  279,     4.5
   906.0,0.000584,0.000422,  0,0.000205,0.002898,0.000000,  16.036,  279,     4.5
   907.0,0.000570,0.000420,  0,0.000205,0.002958,0.000000,  16.034,  278,     4.5
   908.0,0.000542,0.000431,  0,0.000139,0.002765,0.000000,  16.036,  281,     4.5
   909.0,0.000564,0.000432,  0,0.000238,0.003319,0.000000,  16.036,  278,     4.5
   910.0,0.000566,0.000443,  0,0.000140,0.003649,0.000000,  16.037,  276,     4.6
   911.0,0.000574,0.000441,  0,0.000043,0.003060,0.000000,  16.032,  275,     4.6
   912.0,0.000574,0.000441,  0,0.000238,0.003511,0.000000,  16.038,  276,     4.6
   913.0,0.000557,0.000443,  0,0.000173,0.003883,0.000000,  16.025,  278,     4.6
   914.0,0.000570,0.000446,  0,0.000076,0.003577,0.000000,  16.036,  277,     4.6
   915.0,0.000587,0.000431,  0,0.000205,0.003649,0.000000,  16.034,  280,     4.6
   916.0,0.000572,0.000446,  0,0.000206,0.003403,0.000000,  16.027,  277,     4.6
   917.0,0.000584,0.000446,  0,0.000173,0.003487,0.000000,  16.036,  276,     4.6
   918.0,0.000563,0.000424,  0,0.000140,0.003259,0.000000,  16.030,  276,     4.6
   919.0,0.000569,0.000437,  0,0.000109,0.003283,0.000000,  16.026,  279,     4.6
   920.0,0.000565,0.000420,  0,0.000141,0.003192,0.000000,  16.028,  279,     4.6
   921.0,0.000560,0.000448,  0,0.000173,0.003066,0.000000,  16.030,  277,     4.6
   922.0,0.000566,0.000438,  0,0.000076,0.003438,0.000000,  16.026,  281,     4.6
   923.0,0.000562,0.000427,  0,0.000108,0.003343,0.000000,  16.033,  277,     4.6
   924.0,0.000562,0.000444,  0,0.000206,0.003391,0.000000,  16.032,  275,     4.6
   925.0,0.000573,0.000457,  0,0.000109,0.002218,0.000000,  16.025,  275,     4.6
   926.0,0.000579,0.000442,  0,0.000173,0.000935,0.000000,  16.024,  277,     4.6
   927.0,0.000577,0.000445,  0,0.000270,0.002363,0.000000,  16.027,  277,     4.6
   928.0,0.000596,0.000454,  0,0.000239,0.002765,0.000000,  16.027,  281,     4.6
   929.0,0.000626,0.000482,  0,0.000239,0.003006,0.000000,  16.031,  277,     4.6
   930.0,0.000615,0.000496,  0,0.000239,0.003307,0.000000,  16.029,  276,     4.7
   931.0,0.000609,0.000479,  0,0.000206,0.003391,0.000000,  16.029,  276,     4.7
   932.0,0.000621,0.000482,  0,0.000303,0.003283,0.000000,  16.028,  278,     4.7
   933.0,0.000626,0.000482,  0,0.000239,0.003264,0.000000,  16.030,  278,     4.7
   934.0,0.000615,0.000487,  0,0.000238,0.002147,0.000000,  16.030,  276,     4.7
   935.0,0.000632,0.000486,  0,0.000173,0.002303,0.000000,  16.025,  279,     4.7
   936.0,0.000611,0.000489,  0,0.000238,0.002242,0.000000,  16.028,  276,     4.7
   937.0,0.000628,0.000469,  0,0.000174,0.001618,0.000000,  16.025,  276,     4.7
   938.0,0.000634,0.000483,  0,0.000271,0.002429,0.000000,  16.030,  275,     4.7
   939.0,0.000630,0.000507,  0,0.000304,0.002796,0.000000,  16.032,  276,     4.7
   940.0,0.000621,0.000510,  0,0.000207,0.002928,0.000000,  16.019,  276,     4.7
   941.0,0.000632,0.000486,  0,0.000207,0.001918,0.000000,  16.026,  278,     4.7
   942.0,0.000630,0.000477,  0,0.000239,0.002206,0.000000,  16.029,  280,     4.7
   943.0,0.000606,0.000469,  0,0.000174,0.002904,0.000000,  16.026,  277,     4.7
   944.0,0.000600,0.000461,  0,0.000206,0.003030,0.000000,  16.024,  277,     4.7
   945.0,0.000582,0.000451,  0,0.000173,0.001804,0.000000,  16.028,  277,     4.7
   946.0,0.000593,0.000429,  0,0.000109,0.002188,0.000000,  16.026,  277,     4.7
   947.0,0.000587,0.000442,  0,0.000239,0.002790,0.000000,  16.030,  275,     4.7
   948.0,0.000576,0.000457,  0,0.000206,0.002862,0.000000,  16.020,  278,     4.7
   949.0,0.000600,0.000453,  0,0.000173,0.003132,0.000000,  16.022,  275,     4.7
   950.0,0.000595,0.000459,  0,0.000173,0.002802,0.000000,  16.029,  276,     4.8
   951.0,0.000602,0.000455,  0,0.000335,0.003157,0.000000,  16.027,  276,     4.8
   952.0,0.000602,0.000459,  0,0.000270,0.003204,0.000000,  16.028,  277,     4.8
   953.0,0.000612,0.000449,  0,0.000238,0.001684,0.000000,  16.022,  276,     4.8
   954.0,0.000612,0.000456,  0,0.000335,0.002946,0.000000,  16.025,  276,     4.8
   955.0,0.000608,0.000456,  0,0.000108,0.002832,0.000000,  16.022,  279,     4.8
   956.0,0.000602,0.000445,  0,0.000270,0.002856,0.000000,  16.027,  277,     4.8
   957.0,0.000608,0.000432,  0,0.000239,0.003294,0.000000,  16.021,  278,     4.8
   958.0,0.000591,0.000439,  0,0.000173,0.003480,0.000000,  16.021,  277,     4.8
   959.0,0.000606,0.000451,  0,0.000141,0.003102,0.000000,  16.022,  278,     4.8
