Run Name,20220826_BSA_NA_AF647
Run Date,11:01:41 AM   08-26-22
Method Name,0.5 ml / min 100 uL inject 4WL FRET
Export Format Version, 1.00
Method ID,  893
Points/Second, 1.00
Number of Records,    635
Offset from Run Start Time,00:00:00
Run End Time,00:10:36
Time,Second
QuadTec 1, (280.0 nm), AU
QuadTec 2, (260.0 nm), AU
Gradient Pump,<Not Selected>
QuadTec 3, (550.0 nm), AU
QuadTec 4, (650.0 nm), AU
UV,AU
Conductivity,mS/cm
GP Pressure,<Not Selected>
Volume,ml
Fraction,<Not Available>
Time,QuadTec 1,QuadTec 2,QuadTec 3,QuadTec 4,UV,Conductivity,Volume
     0.0,-0.000170,-0.000499,0.815981,-0.557234,0.000000,  15.866,     0.0
     1.0,0.000009,-0.000488,0.816046,-0.557262,0.000000,  15.862,     0.0
     2.0,0.000018,0.000000,0.000354,-0.557229,0.000000,  15.869,     0.0
     3.0,0.000027,0.000023,-0.000001,-0.000723,0.000000,  15.869,     0.0
     4.0,0.000041,0.000041,-0.000078,0.000009,0.000000,  15.869,     0.0
     5.0,0.000050,0.000056,-0.000042,0.000627,0.000000,  15.868,     0.0
     6.0,0.000068,0.000057,-0.000006,0.000936,0.000000,  15.872,     0.1
     7.0,0.000068,0.000072,-0.000080,0.000767,0.000000,  15.871,     0.1
     8.0,0.000059,0.000068,-0.000006,0.001037,0.000000,  15.870,     0.1
     9.0,0.000100,0.000080,-0.000008,0.000922,0.000000,  15.875,     0.1
    10.0,0.000095,0.000080,-0.000045,0.001084,0.000000,  15.871,     0.1
    11.0,0.000086,0.000088,-0.000009,0.000922,0.000000,  15.876,     0.1
    12.0,0.000091,0.000085,-0.000084,0.001053,0.000000,  15.871,     0.1
    13.0,0.000095,0.000103,-0.000084,0.000490,0.000000,  15.874,     0.1
    14.0,0.000100,0.000114,-0.000122,0.000999,0.000000,  15.871,     0.1
    15.0,0.000109,0.000107,-0.000050,0.001154,0.000000,  15.867,     0.1
    16.0,0.000109,0.000097,-0.000014,0.000907,0.000000,  15.875,     0.1
    17.0,0.000100,0.000112,-0.000087,0.000552,0.000000,  15.882,     0.1
    18.0,0.000100,0.000108,-0.000015,0.000884,0.000000,  15.878,     0.2
    19.0,0.000096,0.000119,0.000021,0.000769,0.000000,  15.878,     0.2
    20.0,0.000087,0.000108,-0.000017,0.001124,0.000000,  15.881,     0.2
    21.0,0.000100,0.000062,-0.000054,0.001333,0.000000,  15.881,     0.2
    22.0,0.000087,0.000080,0.000020,0.000164,0.000000,  15.879,     0.2
    23.0,0.000069,0.000081,-0.000018,0.000266,0.000000,  15.882,     0.2
    24.0,0.000069,0.000077,0.000018,0.000606,0.000000,  15.878,     0.2
    25.0,0.000069,0.000080,0.000018,0.000653,0.000000,  15.886,     0.2
    26.0,0.000042,0.000095,-0.000020,0.001109,0.000000,  15.884,     0.2
    27.0,0.000042,0.000066,0.000017,0.000622,0.000000,  15.884,     0.2
    28.0,0.000033,0.000041,-0.000056,0.000839,0.000000,  15.884,     0.2
    29.0,0.000019,0.000026,-0.000094,0.001001,0.000000,  15.887,     0.2
    30.0,0.000019,0.000019,-0.000059,0.000669,0.000000,  15.869,     0.3
    31.0,0.000015,0.000012,-0.000023,0.000700,0.000000,  15.880,     0.3
    32.0,-0.000003,-0.000006,-0.000059,0.000530,0.000000,  15.877,     0.3
    33.0,-0.000035,-0.000003,-0.000060,0.000770,0.000000,  15.882,     0.3
    34.0,-0.000053,-0.000021,-0.000098,0.000554,0.000000,  15.874,     0.3
    35.0,-0.000053,-0.000042,0.000014,0.000414,0.000000,  15.882,     0.3
    36.0,-0.000048,-0.000046,-0.000024,0.000554,0.000000,  15.879,     0.3
    37.0,-0.000021,-0.000067,-0.000026,0.000499,0.000000,  15.878,     0.3
    38.0,0.000101,0.000042,0.000085,0.000770,0.000000,  15.879,     0.3
    39.0,0.000051,0.000090,0.000192,0.000709,0.000000,  15.878,     0.3
    40.0,-0.000007,0.000039,0.000082,0.000786,0.000000,  15.880,     0.3
    41.0,-0.000048,-0.000023,0.000083,0.000949,0.000000,  15.877,     0.3
    42.0,-0.000079,-0.000038,-0.000137,-0.000307,0.000000,  15.881,     0.3
    43.0,-0.000084,-0.000082,-0.000175,0.000252,0.000000,  15.878,     0.4
    44.0,-0.000093,-0.000089,-0.000101,0.000198,0.000000,  15.873,     0.4
    45.0,-0.000106,-0.000096,-0.000029,0.000461,0.000000,  15.880,     0.4
    46.0,-0.000115,-0.000100,-0.000065,0.000407,0.000000,  15.875,     0.4
    47.0,-0.000111,-0.000103,-0.000065,-0.000143,0.000000,  15.882,     0.4
    48.0,-0.000124,-0.000114,0.000044,0.000027,0.000000,  15.887,     0.4
    49.0,-0.000124,-0.000107,0.000044,0.000586,0.000000,  15.876,     0.4
    50.0,-0.000129,-0.000107,-0.000103,0.000423,0.000000,  15.887,     0.4
    51.0,-0.000138,-0.000110,-0.000066,0.000237,0.000000,  15.886,     0.4
    52.0,-0.000133,-0.000099,-0.000030,-0.000353,0.000000,  15.894,     0.4
    53.0,-0.000120,-0.000110,-0.000104,-0.000469,0.000000,  15.893,     0.4
    54.0,-0.000124,-0.000085,-0.000068,-0.000267,0.000000,  15.892,     0.4
    55.0,-0.000124,-0.000106,0.000005,0.000020,0.000000,  15.892,     0.5
    56.0,-0.000138,-0.000102,-0.000069,-0.000283,0.000000,  15.899,     0.5
    57.0,-0.000129,-0.000109,-0.000142,-0.000229,0.000000,  15.894,     0.5
    58.0,-0.000133,-0.000102,-0.000106,-0.000376,0.000000,  15.897,     0.5
    59.0,-0.000156,-0.000113,0.000041,-0.000306,0.000000,  15.892,     0.5
    60.0,-0.000138,-0.000109,0.000041,0.000066,0.000000,  15.895,     0.5
    61.0,-0.000147,-0.000131,-0.000033,-0.000128,0.000000,  15.891,     0.5
    62.0,-0.000169,-0.000138,-0.000107,0.000198,0.000000,  15.893,     0.5
    63.0,-0.000147,-0.000145,-0.000069,0.000012,0.000000,  15.892,     0.5
    64.0,-0.000138,-0.000138,-0.000033,0.000276,0.000000,  15.893,     0.5
    65.0,-0.000133,-0.000149,-0.000107,-0.000027,0.000000,  15.894,     0.5
    66.0,-0.000142,-0.000138,-0.000035,-0.001121,0.000000,  15.893,     0.6
    67.0,-0.000133,-0.000131,-0.000035,-0.000275,0.000000,  15.894,     0.6
    68.0,-0.000133,-0.000163,-0.000145,-0.000694,0.000000,  15.896,     0.6
    69.0,-0.000138,-0.000138,0.000002,-0.000236,0.000000,  15.897,     0.6
    70.0,-0.000142,-0.000130,-0.000072,0.000369,0.000000,  15.899,     0.6
    71.0,-0.000147,-0.000138,-0.000072,-0.000104,0.000000,  15.899,     0.6
    72.0,-0.000142,-0.000148,0.000038,-0.000733,0.000000,  15.896,     0.6
    73.0,-0.000142,-0.000141,-0.000036,-0.000089,0.000000,  15.905,     0.6
    74.0,-0.000133,-0.000130,-0.000036,0.000035,0.000000,  15.904,     0.6
    75.0,-0.000151,-0.000123,-0.000038,-0.000275,0.000000,  15.903,     0.6
    76.0,-0.000133,-0.000126,-0.000038,-0.000594,0.000000,  15.898,     0.6
    77.0,-0.000133,-0.000115,0.000073,-0.001129,0.000000,  15.906,     0.6
    78.0,-0.000142,-0.000141,0.000036,-0.000780,0.000000,  15.907,     0.7
    79.0,-0.000165,-0.000133,-0.000038,-0.000360,0.000000,  15.904,     0.7
    80.0,-0.000160,-0.000133,0.000073,-0.000275,0.000000,  15.900,     0.7
    81.0,-0.000160,-0.000144,-0.000112,-0.000221,0.000000,  15.905,     0.7
    82.0,-0.000165,-0.000158,-0.000001,-0.000539,0.000000,  15.906,     0.7
    83.0,-0.000178,-0.000155,0.000035,-0.001098,0.000000,  15.896,     0.7
    84.0,-0.000183,-0.000170,-0.000039,-0.000166,0.000000,  15.907,     0.7
    85.0,-0.000196,-0.000151,0.000035,-0.000788,0.000000,  15.894,     0.7
    86.0,-0.000183,-0.000173,-0.000075,-0.001401,0.000000,  15.902,     0.7
    87.0,-0.000178,-0.000188,-0.000186,-0.000570,0.000000,  15.901,     0.7
    88.0,-0.000169,-0.000170,-0.000001,-0.000112,0.000000,  15.906,     0.7
    89.0,-0.000192,-0.000166,-0.000039,0.000098,0.000000,  15.905,     0.7
    90.0,-0.000169,-0.000180,-0.000077,0.000121,0.000000,  15.903,     0.8
    91.0,-0.000174,-0.000162,-0.000001,-0.000174,0.000000,  15.900,     0.8
    92.0,-0.000192,-0.000172,-0.000041,-0.000158,0.000000,  15.904,     0.8
    93.0,-0.000178,-0.000165,0.000033,-0.000423,0.000000,  15.907,     0.8
    94.0,-0.000187,-0.000162,-0.000003,-0.000423,0.000000,  15.905,     0.8
    95.0,-0.000160,-0.000165,0.000033,-0.000259,0.000000,  15.908,     0.8
    96.0,-0.000164,-0.000147,-0.000041,-0.000267,0.000000,  15.906,     0.8
    97.0,-0.000155,-0.000154,-0.000077,-0.000703,0.000000,  15.909,     0.8
    98.0,-0.000137,-0.000158,-0.000115,-0.000672,0.000000,  15.899,     0.8
    99.0,-0.000133,-0.000143,-0.000078,-0.000508,0.000000,  15.902,     0.8
   100.0,-0.000137,-0.000139,0.000068,-0.000570,0.000000,  15.898,     0.8
   101.0,-0.000119,-0.000121,0.000030,-0.000391,0.000000,  15.908,     0.8
   102.0,-0.000083,-0.000092,-0.000006,-0.001199,0.000000,  15.903,     0.9
   103.0,-0.000056,-0.000066,0.000068,-0.000687,0.000000,  15.905,     0.9
   104.0,-0.000020,-0.000044,0.000030,-0.000726,0.000000,  15.909,     0.9
   105.0,0.000007,-0.000025,0.000030,-0.001030,0.000000,  15.905,     0.9
   106.0,0.000026,0.000011,0.000067,-0.001534,0.000000,  15.909,     0.9
   107.0,0.000053,0.000048,0.000105,-0.001115,0.000000,  15.910,     0.9
   108.0,0.000062,0.000070,0.000067,-0.001681,0.000000,  15.905,     0.9
   109.0,0.000093,0.000074,0.000067,-0.000990,0.000000,  15.909,     0.9
   110.0,0.000130,0.000114,0.000105,-0.001225,0.000000,  15.909,     0.9
   111.0,0.000161,0.000129,0.000103,-0.000648,0.000000,  15.911,     0.9
   112.0,0.000184,0.000158,0.000141,-0.000851,0.000000,  15.907,     0.9
   113.0,0.000234,0.000162,0.000251,-0.000960,0.000000,  15.911,     0.9
   114.0,0.000270,0.000195,0.000103,-0.001357,0.000000,  15.913,     1.0
   115.0,0.000320,0.000228,0.000103,-0.001045,0.000000,  15.915,     1.0
   116.0,0.000388,0.000254,0.000103,-0.000500,0.000000,  15.912,     1.0
   117.0,0.000424,0.000290,0.000176,-0.000290,0.000000,  15.907,     1.0
   118.0,0.000501,0.000316,0.000138,0.000052,0.000000,  15.909,     1.0
   119.0,0.000542,0.000335,0.000249,-0.000905,0.000000,  15.913,     1.0
   120.0,0.000641,0.000376,0.000321,-0.000485,0.000000,  15.915,     1.0
   121.0,0.000714,0.000430,0.000430,0.000286,0.000000,  15.911,     1.0
   122.0,0.000796,0.000485,0.000467,0.000575,0.000000,  15.913,     1.0
   123.0,0.000891,0.000530,0.000430,0.000972,0.000000,  15.909,     1.0
   124.0,0.001031,0.000589,0.000430,0.000965,0.000000,  15.911,     1.0
   125.0,0.001140,0.000692,0.000503,0.001277,0.000000,  15.912,     1.0
   126.0,0.001267,0.000765,0.000465,0.001341,0.000000,  15.914,     1.1
   127.0,0.001422,0.000854,0.000464,0.001334,0.000000,  15.918,     1.1
   128.0,0.001603,0.000953,0.000611,0.001265,0.000000,  15.911,     1.1
   129.0,0.001767,0.001063,0.000574,0.001936,0.000000,  15.912,     1.1
   130.0,0.001939,0.001163,0.000684,0.002498,0.000000,  15.914,     1.1
   131.0,0.002176,0.001291,0.000684,0.002028,0.000000,  15.910,     1.1
   132.0,0.002399,0.001427,0.000793,0.002672,0.000000,  15.913,     1.1
   133.0,0.002622,0.001589,0.000793,0.003222,0.000000,  15.907,     1.1
   134.0,0.002918,0.001730,0.000793,0.003499,0.000000,  15.910,     1.1
   135.0,0.003214,0.001896,0.000791,0.004298,0.000000,  15.909,     1.1
   136.0,0.003497,0.002128,0.000864,0.005098,0.000000,  15.906,     1.1
   137.0,0.003820,0.002298,0.000975,0.005626,0.000000,  15.902,     1.1
   138.0,0.004213,0.002508,0.000973,0.006312,0.000000,  15.905,     1.1
   139.0,0.004574,0.002785,0.001120,0.006696,0.000000,  15.904,     1.2
   140.0,0.004972,0.003010,0.001156,0.007409,0.000000,  15.908,     1.2
   141.0,0.005380,0.003265,0.001228,0.008484,0.000000,  15.907,     1.2
   142.0,0.005930,0.003539,0.001339,0.008813,0.000000,  15.904,     1.2
   143.0,0.006380,0.003887,0.001374,0.009856,0.000000,  15.903,     1.2
   144.0,0.006876,0.004191,0.001411,0.010704,0.000000,  15.906,     1.2
   145.0,0.007405,0.004510,0.001557,0.011118,0.000000,  15.908,     1.2
   146.0,0.008087,0.004847,0.001630,0.012053,0.000000,  15.909,     1.2
   147.0,0.008659,0.005289,0.001739,0.013071,0.000000,  15.910,     1.2
   148.0,0.009278,0.005661,0.001885,0.014226,0.000000,  15.910,     1.2
   149.0,0.009954,0.006031,0.002031,0.014947,0.000000,  15.912,     1.2
   150.0,0.010747,0.006477,0.002104,0.016161,0.000000,  15.915,     1.3
   151.0,0.011470,0.006999,0.002323,0.017757,0.000000,  15.913,     1.3
   152.0,0.012261,0.007462,0.002506,0.018894,0.000000,  15.915,     1.3
   153.0,0.013174,0.007940,0.002616,0.020144,0.000000,  15.916,     1.3
   154.0,0.013977,0.008490,0.002836,0.022080,0.000000,  15.920,     1.3
   155.0,0.014833,0.009048,0.002982,0.022985,0.000000,  15.921,     1.3
   156.0,0.015855,0.009607,0.003091,0.024081,0.000000,  15.920,     1.3
   157.0,0.016819,0.010212,0.003311,0.025758,0.000000,  15.927,     1.3
   158.0,0.017761,0.010832,0.003308,0.027025,0.000000,  15.927,     1.3
   159.0,0.018761,0.011413,0.003788,0.029302,0.000000,  15.931,     1.3
   160.0,0.020024,0.012043,0.003897,0.031001,0.000000,  15.932,     1.3
   161.0,0.021083,0.012829,0.004116,0.033149,0.000000,  15.933,     1.3
   162.0,0.022186,0.013499,0.004300,0.035395,0.000000,  15.931,     1.4
   163.0,0.023574,0.014203,0.004558,0.036126,0.000000,  15.936,     1.4
   164.0,0.024785,0.014918,0.004740,0.038370,0.000000,  15.936,     1.4
   165.0,0.026028,0.015863,0.004998,0.040387,0.000000,  15.932,     1.4
   166.0,0.027345,0.016647,0.005366,0.042563,0.000000,  15.937,     1.4
   167.0,0.028944,0.017422,0.005661,0.045198,0.000000,  15.943,     1.4
   168.0,0.030237,0.018222,0.005770,0.047792,0.000000,  15.937,     1.4
   169.0,0.031565,0.019219,0.006139,0.050181,0.000000,  15.944,     1.4
   170.0,0.032856,0.019995,0.006360,0.052311,0.000000,  15.942,     1.4
   171.0,0.034435,0.020761,0.006581,0.055029,0.000000,  15.941,     1.4
   172.0,0.035628,0.021704,0.006951,0.057765,0.000000,  15.939,     1.4
   173.0,0.036867,0.022441,0.007358,0.059762,0.000000,  15.939,     1.4
   174.0,0.038422,0.023203,0.007505,0.061249,0.000000,  15.936,     1.5
   175.0,0.039675,0.024013,0.007875,0.064871,0.000000,  15.946,     1.5
   176.0,0.041075,0.024978,0.008171,0.066265,0.000000,  15.936,     1.5
   177.0,0.042710,0.025869,0.008393,0.068121,0.000000,  15.945,     1.5
   178.0,0.044757,0.026872,0.008801,0.071542,0.000000,  15.943,     1.5
   179.0,0.046682,0.028127,0.009247,0.075019,0.000000,  15.939,     1.5
   180.0,0.048874,0.029497,0.009618,0.077910,0.000000,  15.938,     1.5
   181.0,0.051605,0.030918,0.010027,0.080838,0.000000,  15.945,     1.5
   182.0,0.054527,0.032672,0.010511,0.085338,0.000000,  15.940,     1.5
   183.0,0.057384,0.034527,0.011257,0.091017,0.000000,  15.934,     1.5
   184.0,0.060332,0.036249,0.011891,0.095658,0.000000,  15.941,     1.5
   185.0,0.063907,0.038058,0.012414,0.100721,0.000000,  15.939,     1.5
   186.0,0.066742,0.040161,0.013014,0.106304,0.000000,  15.938,     1.6
   187.0,0.069300,0.041743,0.013651,0.111142,0.000000,  15.926,     1.6
   188.0,0.071961,0.043183,0.014213,0.115701,0.000000,  15.931,     1.6
   189.0,0.073698,0.044352,0.014590,0.120326,0.000000,  15.928,     1.6
   190.0,0.074894,0.045396,0.015041,0.123651,0.000000,  15.930,     1.6
   191.0,0.075567,0.045880,0.015379,0.125995,0.000000,  15.931,     1.6
   192.0,0.075683,0.046056,0.015455,0.128091,0.000000,  15.922,     1.6
   193.0,0.075201,0.045916,0.015455,0.129199,0.000000,  15.929,     1.6
   194.0,0.074360,0.045414,0.015454,0.128871,0.000000,  15.927,     1.6
   195.0,0.073280,0.044815,0.015341,0.127735,0.000000,  15.929,     1.6
   196.0,0.071875,0.044125,0.015079,0.127262,0.000000,  15.927,     1.6
   197.0,0.071005,0.043460,0.014965,0.125008,0.000000,  15.930,     1.6
   198.0,0.070546,0.042979,0.014814,0.125186,0.000000,  15.928,     1.6
   199.0,0.070931,0.042994,0.014740,0.125504,0.000000,  15.929,     1.7
   200.0,0.072718,0.043638,0.014780,0.126699,0.000000,  15.931,     1.7
   201.0,0.075751,0.045348,0.015380,0.130516,0.000000,  15.923,     1.7
   202.0,0.080795,0.047818,0.016134,0.136134,0.000000,  15.929,     1.7
   203.0,0.088768,0.051350,0.017229,0.144320,0.000000,  15.931,     1.7
   204.0,0.097540,0.056700,0.018973,0.158695,0.000000,  15.928,     1.7
   205.0,0.108521,0.063303,0.020838,0.172715,0.000000,  15.931,     1.7
   206.0,0.122946,0.070625,0.023245,0.190428,0.000000,  15.928,     1.7
   207.0,0.138690,0.079931,0.025899,0.210706,0.000000,  15.932,     1.7
   208.0,0.154431,0.089894,0.029579,0.237982,0.000000,  15.928,     1.7
   209.0,0.172565,0.099498,0.032625,0.259451,0.000000,  15.934,     1.7
   210.0,0.190052,0.109151,0.035775,0.282488,0.000000,  15.933,     1.8
   211.0,0.205024,0.120195,0.038990,0.308916,0.000000,  15.932,     1.8
   212.0,0.218341,0.128355,0.042458,0.327818,0.000000,  15.941,     1.8
   213.0,0.231599,0.135377,0.044951,0.345309,0.000000,  15.926,     1.8
   214.0,0.239636,0.141818,0.047059,0.360123,0.000000,  15.939,     1.8
   215.0,0.244454,0.145218,0.048960,0.372817,0.000000,  15.936,     1.8
   216.0,0.245776,0.146631,0.049857,0.379306,0.000000,  15.936,     1.8
   217.0,0.243258,0.146089,0.050027,0.382651,0.000000,  15.936,     1.8
   218.0,0.237643,0.142921,0.049619,0.381602,0.000000,  15.930,     1.8
   219.0,0.229584,0.138662,0.048642,0.376852,0.000000,  15.937,     1.8
   220.0,0.217056,0.133129,0.047262,0.368697,0.000000,  15.925,     1.8
   221.0,0.205532,0.125091,0.045307,0.356754,0.000000,  15.932,     1.8
   222.0,0.192728,0.117932,0.042980,0.342725,0.000000,  15.936,     1.9
   223.0,0.176169,0.110131,0.040658,0.327094,0.000000,  15.932,     1.9
   224.0,0.163115,0.102198,0.037793,0.308781,0.000000,  15.934,     1.9
   225.0,0.149884,0.092456,0.034917,0.289083,0.000000,  15.937,     1.9
   226.0,0.137043,0.085095,0.032437,0.269912,0.000000,  15.934,     1.9
   227.0,0.122022,0.077699,0.030011,0.251853,0.000000,  15.935,     1.9
   228.0,0.111353,0.069196,0.027025,0.229863,0.000000,  15.937,     1.9
   229.0,0.101156,0.063218,0.024825,0.211902,0.000000,  15.929,     1.9
   230.0,0.091342,0.057441,0.022713,0.195310,0.000000,  15.938,     1.9
   231.0,0.081152,0.051848,0.020689,0.180045,0.000000,  15.933,     1.9
   232.0,0.073580,0.046092,0.018481,0.161683,0.000000,  15.930,     1.9
   233.0,0.066197,0.041851,0.016891,0.148529,0.000000,  15.936,     1.9
   234.0,0.058653,0.037845,0.015307,0.136134,0.000000,  15.941,     2.0
   235.0,0.053079,0.033787,0.013689,0.121865,0.000000,  15.943,     2.0
   236.0,0.047909,0.030232,0.012415,0.111428,0.000000,  15.938,     2.0
   237.0,0.042885,0.027375,0.011295,0.102035,0.000000,  15.940,     2.0
   238.0,0.038514,0.024550,0.010288,0.093344,0.000000,  15.938,     2.0
   239.0,0.034890,0.022057,0.009173,0.083985,0.000000,  15.934,     2.0
   240.0,0.031275,0.020032,0.008468,0.077157,0.000000,  15.925,     2.0
   241.0,0.028110,0.018170,0.007653,0.070575,0.000000,  15.931,     2.0
   242.0,0.025520,0.016206,0.006950,0.063567,0.000000,  15.925,     2.0
   243.0,0.023165,0.014733,0.006249,0.058413,0.000000,  15.923,     2.0
   244.0,0.020641,0.013369,0.005658,0.053512,0.000000,  15.922,     2.0
   245.0,0.018790,0.012174,0.005217,0.048728,0.000000,  15.919,     2.0
   246.0,0.017143,0.010869,0.004665,0.043983,0.000000,  15.915,     2.0
   247.0,0.015648,0.009970,0.004372,0.040456,0.000000,  15.914,     2.1
   248.0,0.014005,0.009111,0.004005,0.037399,0.000000,  15.913,     2.1
   249.0,0.012838,0.008350,0.003749,0.033535,0.000000,  15.909,     2.1
   250.0,0.011762,0.007486,0.003234,0.030703,0.000000,  15.910,     2.1
   251.0,0.010777,0.006882,0.003125,0.028914,0.000000,  15.909,     2.1
   252.0,0.009693,0.006319,0.002868,0.026426,0.000000,  15.910,     2.1
   253.0,0.008926,0.005690,0.002650,0.024192,0.000000,  15.907,     2.1
   254.0,0.008242,0.005252,0.002504,0.021453,0.000000,  15.913,     2.1
   255.0,0.007574,0.004852,0.002283,0.020198,0.000000,  15.904,     2.1
   256.0,0.006906,0.004476,0.002026,0.018837,0.000000,  15.916,     2.1
   257.0,0.006406,0.004084,0.001844,0.017645,0.000000,  15.908,     2.1
   258.0,0.005942,0.003809,0.001808,0.016480,0.000000,  15.918,     2.2
   259.0,0.005455,0.003542,0.001661,0.015724,0.000000,  15.921,     2.2
   260.0,0.005125,0.003280,0.001626,0.015243,0.000000,  15.915,     2.2
   261.0,0.004796,0.003054,0.001552,0.014866,0.000000,  15.922,     2.2
   262.0,0.004494,0.002906,0.001515,0.014569,0.000000,  15.927,     2.2
   263.0,0.004252,0.002758,0.001479,0.014593,0.000000,  15.919,     2.2
   264.0,0.004046,0.002662,0.001515,0.015346,0.000000,  15.932,     2.2
   265.0,0.003946,0.002636,0.001588,0.016318,0.000000,  15.933,     2.2
   266.0,0.003877,0.002640,0.001734,0.017941,0.000000,  15.933,     2.2
   267.0,0.003909,0.002739,0.002027,0.020689,0.000000,  15.937,     2.2
   268.0,0.004001,0.002891,0.002393,0.024799,0.000000,  15.932,     2.2
   269.0,0.004183,0.003120,0.002795,0.030485,0.000000,  15.938,     2.2
   270.0,0.004540,0.003431,0.003419,0.038288,0.000000,  15.937,     2.3
   271.0,0.004883,0.003920,0.004189,0.049209,0.000000,  15.939,     2.3
   272.0,0.005327,0.004387,0.004996,0.059863,0.000000,  15.943,     2.3
   273.0,0.005960,0.004899,0.005954,0.073702,0.000000,  15.941,     2.3
   274.0,0.006511,0.005486,0.007172,0.090276,0.000000,  15.941,     2.3
   275.0,0.007141,0.006252,0.008393,0.107021,0.000000,  15.935,     2.3
   276.0,0.007841,0.006879,0.009618,0.125062,0.000000,  15.940,     2.3
   277.0,0.008792,0.007573,0.011033,0.143940,0.000000,  15.943,     2.3
   278.0,0.009605,0.008325,0.012790,0.167543,0.000000,  15.933,     2.3
   279.0,0.010489,0.009190,0.014329,0.188080,0.000000,  15.932,     2.3
   280.0,0.011422,0.009885,0.016023,0.209599,0.000000,  15.932,     2.3
   281.0,0.012404,0.010588,0.017762,0.232584,0.000000,  15.933,     2.3
   282.0,0.013056,0.011243,0.019963,0.260609,0.000000,  15.923,     2.4
   283.0,0.013425,0.011507,0.021412,0.282094,0.000000,  15.925,     2.4
   284.0,0.013332,0.011436,0.022521,0.301949,0.000000,  15.924,     2.4
   285.0,0.012632,0.010784,0.023288,0.320032,0.000000,  15.928,     2.4
   286.0,0.011186,0.009471,0.023020,0.329700,0.000000,  15.929,     2.4
   287.0,0.008717,0.007531,0.021911,0.333827,0.000000,  15.927,     2.4
   288.0,0.005538,0.004617,0.019963,0.331475,0.000000,  15.922,     2.4
   289.0,0.002109,0.001341,0.016362,0.320412,0.000000,  15.926,     2.4
   290.0,-0.001826,-0.001803,0.012790,0.305662,0.000000,  15.923,     2.4
   291.0,-0.005448,-0.005151,0.008913,0.286458,0.000000,  15.916,     2.4
   292.0,-0.008153,-0.007892,0.003930,0.258590,0.000000,  15.918,     2.4
   293.0,-0.009935,-0.009612,0.000713,0.236555,0.000000,  15.919,     2.4
   294.0,-0.010704,-0.010434,-0.001827,0.213811,0.000000,  15.913,     2.5
   295.0,-0.010227,-0.010201,-0.003418,0.191821,0.000000,  15.912,     2.5
   296.0,-0.008734,-0.009008,-0.003958,0.169903,0.000000,  15.916,     2.5
   297.0,-0.005886,-0.006990,-0.003201,0.156174,0.000000,  15.916,     2.5
   298.0,-0.003064,-0.003773,-0.001574,0.142963,0.000000,  15.916,     2.5
   299.0,-0.000245,-0.000892,0.000824,0.131519,0.000000,  15.914,     2.5
   300.0,0.002323,0.001872,0.002868,0.123956,0.000000,  15.910,     2.5
   301.0,0.005062,0.004325,0.004739,0.116028,0.000000,  15.896,     2.5
   302.0,0.006925,0.007024,0.006322,0.107748,0.000000,  15.903,     2.5
   303.0,0.008718,0.008946,0.007726,0.099772,0.000000,  15.898,     2.5
   304.0,0.010420,0.010794,0.008876,0.092642,0.000000,  15.899,     2.5
   305.0,0.012311,0.012518,0.009767,0.085445,0.000000,  15.895,     2.5
   306.0,0.013439,0.014302,0.010959,0.079274,0.000000,  15.888,     2.5
   307.0,0.014136,0.015160,0.011631,0.074349,0.000000,  15.887,     2.6
   308.0,0.014356,0.015549,0.012154,0.069691,0.000000,  15.879,     2.6
   309.0,0.014099,0.015449,0.012154,0.063418,0.000000,  15.873,     2.6
   310.0,0.013444,0.014802,0.011855,0.059177,0.000000,  15.869,     2.6
   311.0,0.012498,0.013899,0.011257,0.054906,0.000000,  15.862,     2.6
   312.0,0.011372,0.012866,0.010437,0.050948,0.000000,  15.860,     2.6
   313.0,0.010378,0.011639,0.009693,0.045670,0.000000,  15.860,     2.6
   314.0,0.009374,0.010448,0.008579,0.042985,0.000000,  15.849,     2.6
   315.0,0.008307,0.009378,0.007875,0.040169,0.000000,  15.848,     2.6
   316.0,0.007343,0.008362,0.007061,0.037053,0.000000,  15.836,     2.6
   317.0,0.006529,0.007263,0.006175,0.033758,0.000000,  15.830,     2.6
   318.0,0.005786,0.006450,0.005511,0.031353,0.000000,  15.827,     2.7
   319.0,0.005007,0.005698,0.004996,0.029591,0.000000,  15.809,     2.7
   320.0,0.004471,0.005049,0.004297,0.027510,0.000000,  15.788,     2.7
   321.0,0.003996,0.004395,0.003821,0.025846,0.000000,  15.759,     2.7
   322.0,0.003558,0.003917,0.003491,0.024141,0.000000,  15.734,     2.7
   323.0,0.003106,0.003499,0.003050,0.022878,0.000000,  15.684,     2.7
   324.0,0.002783,0.003128,0.002721,0.021672,0.000000,  15.628,     2.7
   325.0,0.002491,0.002726,0.002466,0.020825,0.000000,  15.560,     2.7
   326.0,0.002264,0.002448,0.002098,0.019927,0.000000,  15.485,     2.7
   327.0,0.002000,0.002198,0.001915,0.018975,0.000000,  15.404,     2.7
   328.0,0.001831,0.001932,0.001771,0.017838,0.000000,  15.325,     2.7
   329.0,0.001650,0.001766,0.001625,0.015647,0.000000,  15.240,     2.7
   330.0,0.001473,0.001600,0.001553,0.015322,0.000000,  15.178,     2.8
   331.0,0.001336,0.001431,0.001260,0.015195,0.000000,  15.119,     2.8
   332.0,0.001232,0.001286,0.001150,0.013068,0.000000,  15.075,     2.8
   333.0,0.001127,0.001179,0.001115,0.012660,0.000000,  15.047,     2.8
   334.0,0.001010,0.001069,0.000968,0.012397,0.000000,  15.038,     2.8
   335.0,0.000950,0.000945,0.000895,0.010907,0.000000,  15.045,     2.8
   336.0,0.000887,0.000885,0.000748,0.010984,0.000000,  15.069,     2.8
   337.0,0.000787,0.000841,0.000786,0.010747,0.000000,  15.103,     2.8
   338.0,0.000733,0.000764,0.000713,0.009618,0.000000,  15.158,     2.8
   339.0,0.000692,0.000694,0.000640,0.009739,0.000000,  15.218,     2.8
   340.0,0.000647,0.000643,0.000604,0.009236,0.000000,  15.289,     2.8
   341.0,0.000597,0.000613,0.000642,0.007910,0.000000,  15.368,     2.8
   342.0,0.000561,0.000561,0.000567,0.007855,0.000000,  15.450,     2.9
   343.0,0.000538,0.000525,0.000567,0.007151,0.000000,  15.534,     2.9
   344.0,0.000502,0.000492,0.000458,0.006864,0.000000,  15.601,     2.9
   345.0,0.000488,0.000488,0.000531,0.007008,0.000000,  15.677,     2.9
   346.0,0.000479,0.000463,0.000458,0.006473,0.000000,  15.738,     2.9
   347.0,0.000447,0.000451,0.000347,0.006162,0.000000,  15.796,     2.9
   348.0,0.000388,0.000407,0.000273,0.006034,0.000000,  15.844,     2.9
   349.0,0.000388,0.000396,0.000347,0.005251,0.000000,  15.880,     2.9
   350.0,0.000361,0.000385,0.000275,0.005075,0.000000,  15.913,     2.9
   351.0,0.000339,0.000370,0.000200,0.004674,0.000000,  15.931,     2.9
   352.0,0.000311,0.000370,0.000200,0.004329,0.000000,  15.957,     2.9
   353.0,0.000316,0.000355,0.000387,0.003935,0.000000,  15.969,     2.9
   354.0,0.000311,0.000344,0.000387,0.004129,0.000000,  15.977,     3.0
   355.0,0.000316,0.000326,0.000238,0.003917,0.000000,  15.979,     3.0
   356.0,0.000298,0.000330,0.000276,0.003299,0.000000,  15.983,     3.0
   357.0,0.000271,0.000319,0.000350,0.003711,0.000000,  15.979,     3.0
   358.0,0.000230,0.000297,0.000423,0.003226,0.000000,  15.976,     3.0
   359.0,0.000239,0.000275,0.000276,0.003039,0.000000,  15.971,     3.0
   360.0,0.000230,0.000293,0.000276,0.002444,0.000000,  15.962,     3.0
   361.0,0.000212,0.000289,0.000238,0.002513,0.000000,  15.957,     3.0
   362.0,0.000189,0.000297,0.000129,0.002434,0.000000,  15.946,     3.0
   363.0,0.000189,0.000290,0.000314,0.002495,0.000000,  15.945,     3.0
   364.0,0.000185,0.000286,0.000240,0.001895,0.000000,  15.939,     3.0
   365.0,0.000153,0.000275,0.000240,0.002253,0.000000,  15.931,     3.0
   366.0,0.000157,0.000286,0.000203,0.002400,0.000000,  15.927,     3.0
   367.0,0.000144,0.000297,0.000203,0.002049,0.000000,  15.929,     3.1
   368.0,0.000130,0.000282,0.000240,0.001479,0.000000,  15.922,     3.1
   369.0,0.000130,0.000275,0.000203,0.001540,0.000000,  15.923,     3.1
   370.0,0.000112,0.000275,0.000240,0.001469,0.000000,  15.917,     3.1
   371.0,0.000112,0.000275,0.000203,0.000796,0.000000,  15.908,     3.1
   372.0,0.000112,0.000260,0.000202,0.001070,0.000000,  15.919,     3.1
   373.0,0.000108,0.000238,0.000276,0.000875,0.000000,  15.913,     3.1
   374.0,0.000103,0.000231,0.000202,0.001265,0.000000,  15.916,     3.1
   375.0,0.000108,0.000231,0.000349,0.001203,0.000000,  15.918,     3.1
   376.0,0.000103,0.000223,0.000349,0.001514,0.000000,  15.914,     3.1
   377.0,0.000094,0.000220,0.000311,0.001327,0.000000,  15.915,     3.1
   378.0,0.000085,0.000183,0.000494,0.000483,0.000000,  15.911,     3.2
   379.0,0.000099,0.000180,0.000531,0.000717,0.000000,  15.920,     3.2
   380.0,0.000108,0.000162,0.000604,0.000850,0.000000,  15.922,     3.2
   381.0,0.000117,0.000151,0.000677,0.000897,0.000000,  15.924,     3.2
   382.0,0.000126,0.000157,0.000860,0.001225,0.000000,  15.923,     3.2
   383.0,0.000139,0.000168,0.000857,0.000734,0.000000,  15.920,     3.2
   384.0,0.000157,0.000154,0.000856,0.000492,0.000000,  15.923,     3.2
   385.0,0.000176,0.000154,0.001040,0.000686,0.000000,  15.921,     3.2
   386.0,0.000171,0.000154,0.001111,0.000858,0.000000,  15.925,     3.2
   387.0,0.000185,0.000161,0.001257,0.000803,0.000000,  15.925,     3.2
   388.0,0.000180,0.000168,0.001404,-0.000001,0.000000,  15.923,     3.2
   389.0,0.000189,0.000165,0.001587,-0.000032,0.000000,  15.928,     3.2
   390.0,0.000194,0.000161,0.001623,0.000366,0.000000,  15.929,     3.3
   391.0,0.000203,0.000150,0.001771,0.000374,0.000000,  15.931,     3.3
   392.0,0.000207,0.000136,0.001880,0.000343,0.000000,  15.931,     3.3
   393.0,0.000207,0.000150,0.001806,0.000257,0.000000,  15.927,     3.3
   394.0,0.000207,0.000136,0.001879,0.000397,0.000000,  15.934,     3.3
   395.0,0.000198,0.000125,0.001990,0.000569,0.000000,  15.934,     3.3
   396.0,0.000198,0.000125,0.001953,0.000405,0.000000,  15.941,     3.3
   397.0,0.000198,0.000117,0.001917,0.000374,0.000000,  15.938,     3.3
   398.0,0.000194,0.000113,0.001841,0.000545,0.000000,  15.941,     3.3
   399.0,0.000185,0.000106,0.001805,0.000303,0.000000,  15.942,     3.3
   400.0,0.000185,0.000091,0.001806,0.000054,0.000000,  15.939,     3.3
   401.0,0.000180,0.000077,0.001695,-0.000024,0.000000,  15.943,     3.3
   402.0,0.000167,0.000088,0.001659,0.000139,0.000000,  15.947,     3.4
   403.0,0.000180,0.000066,0.001771,-0.000688,0.000000,  15.951,     3.4
   404.0,0.000171,0.000088,0.001771,-0.000469,0.000000,  15.939,     3.4
   405.0,0.000176,0.000091,0.001660,-0.000071,0.000000,  15.955,     3.4
   406.0,0.000171,0.000066,0.001660,0.000061,0.000000,  15.957,     3.4
   407.0,0.000171,0.000055,0.001698,0.000038,0.000000,  15.951,     3.4
   408.0,0.000171,0.000077,0.001586,0.000256,0.000000,  15.955,     3.4
   409.0,0.000171,0.000055,0.001549,0.000038,0.000000,  15.959,     3.4
   410.0,0.000171,0.000044,0.001587,0.000256,0.000000,  15.955,     3.4
   411.0,0.000167,0.000036,0.001660,-0.000102,0.000000,  15.957,     3.4
   412.0,0.000203,0.000055,0.001660,-0.000157,0.000000,  15.961,     3.4
   413.0,0.000207,0.000055,0.001844,-0.000102,0.000000,  15.963,     3.4
   414.0,0.000216,0.000066,0.001844,-0.000399,0.000000,  15.965,     3.5
   415.0,0.000243,0.000077,0.001953,0.000069,0.000000,  15.959,     3.5
   416.0,0.000262,0.000081,0.002063,0.000427,0.000000,  15.965,     3.5
   417.0,0.000266,0.000091,0.002172,0.000505,0.000000,  15.967,     3.5
   418.0,0.000266,0.000098,0.002246,0.000443,0.000000,  15.971,     3.5
   419.0,0.000266,0.000091,0.002355,-0.000126,0.000000,  15.968,     3.5
   420.0,0.000298,0.000091,0.002392,-0.000142,0.000000,  15.971,     3.5
   421.0,0.000320,0.000124,0.002465,-0.000391,0.000000,  15.964,     3.5
   422.0,0.000320,0.000128,0.002575,-0.000111,0.000000,  15.973,     3.5
   423.0,0.000334,0.000106,0.002684,0.000084,0.000000,  15.971,     3.5
   424.0,0.000334,0.000110,0.002647,0.000077,0.000000,  15.973,     3.5
   425.0,0.000330,0.000114,0.002794,0.000108,0.000000,  15.971,     3.5
   426.0,0.000343,0.000103,0.002757,0.000084,0.000000,  15.971,     3.5
   427.0,0.000330,0.000114,0.002793,0.000061,0.000000,  15.969,     3.6
   428.0,0.000325,0.000110,0.002794,0.000575,0.000000,  15.969,     3.6
   429.0,0.000334,0.000103,0.002683,0.000124,0.000000,  15.973,     3.6
   430.0,0.000325,0.000110,0.002609,0.000404,0.000000,  15.975,     3.6
   431.0,0.000307,0.000106,0.002536,0.000411,0.000000,  15.977,     3.6
   432.0,0.000316,0.000106,0.002574,-0.000656,0.000000,  15.978,     3.6
   433.0,0.000289,0.000102,0.002426,-0.000041,0.000000,  15.976,     3.6
   434.0,0.000289,0.000088,0.002390,0.000279,0.000000,  15.968,     3.6
   435.0,0.000284,0.000080,0.002427,0.000380,0.000000,  15.983,     3.6
   436.0,0.000248,0.000073,0.002280,0.000520,0.000000,  15.979,     3.6
   437.0,0.000239,0.000066,0.002243,0.000271,0.000000,  15.982,     3.6
   438.0,0.000239,0.000051,0.002208,0.000279,0.000000,  15.974,     3.7
   439.0,0.000243,0.000058,0.002171,0.000793,0.000000,  15.982,     3.7
   440.0,0.000243,0.000047,0.002062,0.000357,0.000000,  15.983,     3.7
   441.0,0.000225,0.000036,0.002026,0.000684,0.000000,  15.980,     3.7
   442.0,0.000225,0.000026,0.002026,0.000317,0.000000,  15.984,     3.7
   443.0,0.000216,0.000044,0.001917,-0.000609,0.000000,  15.982,     3.7
   444.0,0.000189,0.000022,0.001807,-0.000010,0.000000,  15.984,     3.7
   445.0,0.000176,0.000018,0.001660,0.000442,0.000000,  15.987,     3.7
   446.0,0.000153,0.000018,0.001587,0.000419,0.000000,  15.986,     3.7
   447.0,0.000144,0.000025,0.001514,0.000715,0.000000,  15.976,     3.7
   448.0,0.000148,0.000010,0.001477,0.000084,0.000000,  15.983,     3.7
   449.0,0.000139,0.000007,0.001404,0.000248,0.000000,  15.981,     3.7
   450.0,0.000117,0.000007,0.001442,-0.000017,0.000000,  15.989,     3.8
   451.0,0.000103,-0.000004,0.001221,0.000061,0.000000,  15.986,     3.8
   452.0,0.000094,-0.000015,0.001148,-0.000407,0.000000,  15.986,     3.8
   453.0,0.000067,-0.000019,0.001223,-0.000882,0.000000,  15.989,     3.8
   454.0,0.000049,-0.000034,0.001187,-0.000080,0.000000,  15.982,     3.8
   455.0,0.000026,-0.000045,0.001040,0.000099,0.000000,  15.993,     3.8
   456.0,0.000035,-0.000059,0.001114,0.000201,0.000000,  15.984,     3.8
   457.0,0.000017,-0.000059,0.001004,-0.000313,0.000000,  15.993,     3.8
   458.0,0.000008,-0.000063,0.001004,0.000068,0.000000,  15.990,     3.8
   459.0,-0.000010,-0.000067,0.000968,0.000310,0.000000,  15.995,     3.8
   460.0,-0.000015,-0.000085,0.000895,0.000395,0.000000,  15.995,     3.8
   461.0,-0.000037,-0.000092,0.000895,0.000442,0.000000,  15.995,     3.8
   462.0,-0.000033,-0.000085,0.000821,-0.000321,0.000000,  15.994,     3.9
   463.0,-0.000042,-0.000089,0.000748,0.000006,0.000000,  16.000,     3.9
   464.0,-0.000055,-0.000100,0.000712,0.000341,0.000000,  15.996,     3.9
   465.0,-0.000064,-0.000096,0.000786,-0.000337,0.000000,  16.001,     3.9
   466.0,-0.000046,-0.000099,0.000675,0.000013,0.000000,  15.993,     3.9
   467.0,-0.000042,-0.000078,0.000786,0.000107,0.000000,  15.999,     3.9
   468.0,-0.000033,-0.000081,0.000713,0.000263,0.000000,  16.001,     3.9
   469.0,-0.000024,-0.000077,0.000677,0.000481,0.000000,  15.994,     3.9
   470.0,-0.000015,-0.000070,0.000751,0.000232,0.000000,  16.003,     3.9
   471.0,-0.000024,-0.000070,0.000825,0.000177,0.000000,  15.999,     3.9
   472.0,-0.000019,-0.000056,0.000789,-0.000609,0.000000,  16.002,     3.9
   473.0,-0.000015,-0.000052,0.000789,0.000060,0.000000,  15.999,     3.9
   474.0,-0.000006,-0.000059,0.000825,0.000535,0.000000,  15.998,     4.0
   475.0,0.000003,-0.000044,0.000714,0.000426,0.000000,  15.985,     4.0
   476.0,-0.000006,-0.000052,0.000678,0.000675,0.000000,  15.998,     4.0
   477.0,0.000003,-0.000044,0.000642,-0.000267,0.000000,  15.994,     4.0
   478.0,-0.000006,-0.000062,0.000567,0.000379,0.000000,  15.997,     4.0
   479.0,0.000003,-0.000058,0.000714,0.000356,0.000000,  15.997,     4.0
   480.0,-0.000006,-0.000051,0.000642,-0.000508,0.000000,  15.992,     4.0
   481.0,-0.000001,-0.000044,0.000567,0.000410,0.000000,  15.992,     4.0
   482.0,-0.000037,-0.000044,0.000494,0.000620,0.000000,  15.988,     4.0
   483.0,-0.000042,-0.000044,0.000457,0.000589,0.000000,  15.994,     4.0
   484.0,-0.000042,-0.000066,0.000494,0.000286,0.000000,  15.987,     4.0
   485.0,-0.000055,-0.000077,0.000532,0.000403,0.000000,  15.987,     4.0
   486.0,-0.000060,-0.000081,0.000273,0.000559,0.000000,  15.990,     4.1
   487.0,-0.000064,-0.000078,0.000310,0.000675,0.000000,  15.981,     4.1
   488.0,-0.000078,-0.000089,0.000347,0.000512,0.000000,  15.986,     4.1
   489.0,-0.000069,-0.000099,0.000273,0.000364,0.000000,  15.992,     4.1
   490.0,-0.000082,-0.000103,0.000275,0.000706,0.000000,  15.991,     4.1
   491.0,-0.000087,-0.000103,0.000275,0.000620,0.000000,  15.991,     4.1
   492.0,-0.000073,-0.000099,0.000164,0.000395,0.000000,  15.992,     4.1
   493.0,-0.000096,-0.000100,0.000275,0.000263,0.000000,  15.997,     4.1
   494.0,-0.000082,-0.000103,0.000238,0.000239,0.000000,  15.995,     4.1
   495.0,-0.000092,-0.000118,0.000164,-0.000010,0.000000,  15.999,     4.1
   496.0,-0.000078,-0.000111,0.000128,0.000263,0.000000,  15.996,     4.1
   497.0,-0.000078,-0.000114,0.000202,0.000450,0.000000,  15.998,     4.1
   498.0,-0.000069,-0.000110,0.000128,0.000286,0.000000,  15.998,     4.2
   499.0,-0.000078,-0.000110,0.000091,0.000395,0.000000,  15.994,     4.2
   500.0,-0.000101,-0.000121,0.000055,0.000146,0.000000,  16.001,     4.2
   501.0,-0.000101,-0.000118,0.000240,0.000450,0.000000,  16.007,     4.2
   502.0,-0.000105,-0.000114,0.000202,0.001164,0.000000,  16.003,     4.2
   503.0,-0.000110,-0.000107,0.000203,0.001063,0.000000,  16.008,     4.2
   504.0,-0.000119,-0.000129,0.000240,0.000814,0.000000,  16.001,     4.2
   505.0,-0.000096,-0.000129,0.000091,0.000457,0.000000,  16.006,     4.2
   506.0,-0.000101,-0.000147,0.000165,0.000519,0.000000,  16.015,     4.2
   507.0,-0.000119,-0.000133,0.000129,-0.000430,0.000000,  16.016,     4.2
   508.0,-0.000119,-0.000140,0.000055,0.000340,0.000000,  16.014,     4.2
   509.0,-0.000141,-0.000132,0.000055,0.000348,0.000000,  16.015,     4.2
   510.0,-0.000132,-0.000143,0.000093,0.000535,0.000000,  16.010,     4.3
   511.0,-0.000132,-0.000143,0.000131,-0.000531,0.000000,  16.011,     4.3
   512.0,-0.000110,-0.000169,0.000020,0.000410,0.000000,  16.012,     4.3
   513.0,-0.000132,-0.000150,-0.000018,-0.000765,0.000000,  16.010,     4.3
   514.0,-0.000141,-0.000161,-0.000054,0.000068,0.000000,  16.017,     4.3
   515.0,-0.000114,-0.000136,0.000020,0.000270,0.000000,  16.018,     4.3
   516.0,-0.000146,-0.000140,0.000020,-0.000329,0.000000,  16.018,     4.3
   517.0,-0.000150,-0.000151,-0.000054,-0.000041,0.000000,  16.016,     4.3
   518.0,-0.000164,-0.000158,0.000020,-0.000064,0.000000,  16.016,     4.3
   519.0,-0.000159,-0.000158,0.000094,-0.000703,0.000000,  16.018,     4.3
   520.0,-0.000146,-0.000147,0.000094,-0.000181,0.000000,  16.014,     4.3
   521.0,-0.000164,-0.000154,-0.000016,0.000130,0.000000,  16.013,     4.3
   522.0,-0.000168,-0.000151,0.000021,0.000325,0.000000,  16.011,     4.3
   523.0,-0.000168,-0.000154,0.000058,0.000457,0.000000,  16.016,     4.4
   524.0,-0.000159,-0.000151,-0.000053,0.000263,0.000000,  16.015,     4.4
   525.0,-0.000164,-0.000158,0.000058,-0.000282,0.000000,  16.008,     4.4
   526.0,-0.000164,-0.000151,0.000021,-0.000166,0.000000,  16.018,     4.4
   527.0,-0.000146,-0.000147,-0.000053,-0.000765,0.000000,  16.005,     4.4
   528.0,-0.000164,-0.000150,-0.000091,0.000185,0.000000,  16.001,     4.4
   529.0,-0.000178,-0.000165,-0.000089,0.000045,0.000000,  16.006,     4.4
   530.0,-0.000182,-0.000161,-0.000053,0.000130,0.000000,  16.008,     4.4
   531.0,-0.000173,-0.000165,0.000058,0.000239,0.000000,  16.009,     4.4
   532.0,-0.000164,-0.000169,0.000021,-0.001131,0.000000,  16.006,     4.4
   533.0,-0.000182,-0.000151,-0.000015,-0.000212,0.000000,  16.007,     4.4
   534.0,-0.000182,-0.000179,0.000021,-0.000134,0.000000,  16.006,     4.4
   535.0,-0.000187,-0.000172,0.000094,0.000107,0.000000,  16.000,     4.5
   536.0,-0.000191,-0.000169,0.000058,0.000130,0.000000,  16.005,     4.5
   537.0,-0.000173,-0.000162,0.000058,-0.000251,0.000000,  16.006,     4.5
   538.0,-0.000159,-0.000169,-0.000015,-0.000142,0.000000,  16.002,     4.5
   539.0,-0.000182,-0.000165,0.000021,-0.000010,0.000000,  15.998,     4.5
   540.0,-0.000173,-0.000158,-0.000051,0.000045,0.000000,  16.002,     4.5
   541.0,-0.000178,-0.000158,-0.000088,-0.000197,0.000000,  16.002,     4.5
   542.0,-0.000177,-0.000169,-0.000015,-0.000064,0.000000,  16.000,     4.5
   543.0,-0.000191,-0.000169,0.000021,0.000099,0.000000,  15.999,     4.5
   544.0,-0.000191,-0.000176,-0.000089,0.000185,0.000000,  15.999,     4.5
   545.0,-0.000196,-0.000169,-0.000163,0.000146,0.000000,  16.001,     4.5
   546.0,-0.000173,-0.000169,-0.000236,0.000208,0.000000,  16.002,     4.6
   547.0,-0.000177,-0.000158,-0.000089,-0.000936,0.000000,  16.004,     4.6
   548.0,-0.000173,-0.000173,-0.000163,-0.000376,0.000000,  16.004,     4.6
   549.0,-0.000182,-0.000173,-0.000200,0.000037,0.000000,  16.006,     4.6
   550.0,-0.000182,-0.000180,-0.000088,-0.000477,0.000000,  16.007,     4.6
   551.0,-0.000178,-0.000180,-0.000051,-0.000578,0.000000,  16.003,     4.6
   552.0,-0.000168,-0.000173,-0.000089,-0.000173,0.000000,  16.007,     4.6
   553.0,-0.000182,-0.000183,-0.000015,-0.000041,0.000000,  16.011,     4.6
   554.0,-0.000191,-0.000184,-0.000051,0.000317,0.000000,  16.010,     4.6
   555.0,-0.000191,-0.000180,-0.000125,-0.000095,0.000000,  16.010,     4.6
   556.0,-0.000168,-0.000169,0.000021,-0.000181,0.000000,  16.014,     4.6
   557.0,-0.000164,-0.000165,-0.000015,-0.000088,0.000000,  16.012,     4.6
   558.0,-0.000191,-0.000169,-0.000015,-0.000399,0.000000,  16.012,     4.7
   559.0,-0.000187,-0.000165,-0.000051,-0.001488,0.000000,  16.017,     4.7
   560.0,-0.000182,-0.000172,-0.000125,-0.000897,0.000000,  16.013,     4.7
   561.0,-0.000200,-0.000165,-0.000015,-0.001496,0.000000,  16.013,     4.7
   562.0,-0.000191,-0.000173,-0.000051,-0.000758,0.000000,  16.016,     4.7
   563.0,-0.000178,-0.000173,-0.000088,-0.000352,0.000000,  16.012,     4.7
   564.0,-0.000187,-0.000176,-0.000088,-0.000173,0.000000,  16.013,     4.7
   565.0,-0.000196,-0.000187,-0.000051,0.000185,0.000000,  16.011,     4.7
   566.0,-0.000205,-0.000202,-0.000088,0.000045,0.000000,  16.009,     4.7
   567.0,-0.000214,-0.000191,-0.000088,0.000123,0.000000,  16.008,     4.7
   568.0,-0.000236,-0.000191,-0.000051,-0.000228,0.000000,  16.008,     4.7
   569.0,-0.000218,-0.000187,-0.000124,-0.000446,0.000000,  16.014,     4.7
   570.0,-0.000209,-0.000213,-0.000088,-0.000041,0.000000,  16.009,     4.8
   571.0,-0.000214,-0.000216,-0.000125,0.000045,0.000000,  16.013,     4.8
   572.0,-0.000227,-0.000227,-0.000124,0.000185,0.000000,  16.006,     4.8
   573.0,-0.000236,-0.000241,-0.000124,-0.000134,0.000000,  16.006,     4.8
   574.0,-0.000268,-0.000238,-0.000162,-0.000882,0.000000,  15.995,     4.8
   575.0,-0.000254,-0.000256,-0.000160,-0.000345,0.000000,  16.007,     4.8
   576.0,-0.000254,-0.000267,-0.000160,-0.000306,0.000000,  16.006,     4.8
   577.0,-0.000263,-0.000281,-0.000235,-0.000166,0.000000,  16.006,     4.8
   578.0,-0.000277,-0.000299,-0.000051,-0.000547,0.000000,  16.006,     4.8
   579.0,-0.000277,-0.000292,-0.000124,-0.001348,0.000000,  16.005,     4.8
   580.0,-0.000290,-0.000296,-0.000235,-0.000695,0.000000,  16.008,     4.8
   581.0,-0.000286,-0.000311,-0.000124,-0.000384,0.000000,  16.006,     4.8
   582.0,-0.000309,-0.000318,-0.000160,-0.000360,0.000000,  16.006,     4.8
   583.0,-0.000304,-0.000325,-0.000160,-0.000438,0.000000,  16.006,     4.9
   584.0,-0.000327,-0.000325,-0.000160,-0.000415,0.000000,  16.004,     4.9
   585.0,-0.000331,-0.000321,-0.000086,-0.000010,0.000000,  16.006,     4.9
   586.0,-0.000354,-0.000339,-0.000160,-0.000376,0.000000,  16.002,     4.9
   587.0,-0.000331,-0.000336,-0.000198,-0.001348,0.000000,  16.009,     4.9
   588.0,-0.000322,-0.000328,-0.000198,-0.000625,0.000000,  16.007,     4.9
   589.0,-0.000340,-0.000307,-0.000124,-0.000360,0.000000,  16.013,     4.9
   590.0,-0.000336,-0.000292,-0.000235,-0.001372,0.000000,  16.012,     4.9
   591.0,-0.000327,-0.000296,-0.000235,-0.000454,0.000000,  16.012,     4.9
   592.0,-0.000340,-0.000303,-0.000309,-0.000275,0.000000,  16.013,     4.9
   593.0,-0.000327,-0.000296,-0.000198,-0.000275,0.000000,  16.014,     4.9
   594.0,-0.000290,-0.000292,-0.000235,-0.000002,0.000000,  16.014,     4.9
   595.0,-0.000299,-0.000296,-0.000309,-0.000423,0.000000,  16.013,     5.0
   596.0,-0.000304,-0.000274,-0.000345,0.000099,0.000000,  16.010,     5.0
   597.0,-0.000299,-0.000274,-0.000122,-0.000064,0.000000,  16.014,     5.0
   598.0,-0.000309,-0.000271,-0.000050,0.000045,0.000000,  16.015,     5.0
   599.0,-0.000318,-0.000281,-0.000271,-0.000173,0.000000,  16.012,     5.0
   600.0,-0.000313,-0.000289,-0.000160,-0.001045,0.000000,  16.010,     5.0
   601.0,-0.000299,-0.000282,-0.000235,-0.000945,0.000000,  16.013,     5.0
   602.0,-0.000304,-0.000285,-0.000271,-0.000360,0.000000,  16.011,     5.0
   603.0,-0.000313,-0.000289,-0.000345,-0.000251,0.000000,  16.010,     5.0
   604.0,-0.000309,-0.000292,-0.000307,-0.000306,0.000000,  16.014,     5.0
   605.0,-0.000304,-0.000278,-0.000382,-0.000391,0.000000,  16.008,     5.0
   606.0,-0.000295,-0.000281,-0.000197,-0.000524,0.000000,  15.998,     5.1
   607.0,-0.000295,-0.000260,-0.000197,-0.001217,0.000000,  16.011,     5.1
   608.0,-0.000300,-0.000282,-0.000197,-0.000243,0.000000,  16.016,     5.1
   609.0,-0.000290,-0.000285,-0.000197,-0.000719,0.000000,  16.015,     5.1
   610.0,-0.000281,-0.000274,-0.000197,-0.000415,0.000000,  16.002,     5.1
   611.0,-0.000290,-0.000260,-0.000197,-0.000282,0.000000,  16.009,     5.1
   612.0,-0.000286,-0.000256,-0.000269,-0.000384,0.000000,  16.012,     5.1
   613.0,-0.000286,-0.000263,-0.000233,-0.000384,0.000000,  16.006,     5.1
   614.0,-0.000277,-0.000256,-0.000233,-0.000197,0.000000,  16.006,     5.1
   615.0,-0.000277,-0.000249,-0.000233,-0.000610,0.000000,  16.005,     5.1
   616.0,-0.000263,-0.000242,-0.000307,-0.000446,0.000000,  16.011,     5.1
   617.0,-0.000263,-0.000253,-0.000307,-0.000017,0.000000,  16.014,     5.1
   618.0,-0.000259,-0.000238,-0.000197,0.000130,0.000000,  16.012,     5.2
   619.0,-0.000259,-0.000256,-0.000197,-0.000391,0.000000,  16.001,     5.2
   620.0,-0.000268,-0.000235,-0.000086,0.000014,0.000000,  16.010,     5.2
   621.0,-0.000277,-0.000235,-0.000160,-0.000142,0.000000,  16.004,     5.2
   622.0,-0.000259,-0.000245,-0.000235,-0.000010,0.000000,  16.009,     5.2
   623.0,-0.000259,-0.000227,-0.000160,-0.000423,0.000000,  16.011,     5.2
   624.0,-0.000254,-0.000209,-0.000271,-0.000228,0.000000,  16.010,     5.2
   625.0,-0.000250,-0.000224,-0.000160,-0.000337,0.000000,  16.006,     5.2
   626.0,-0.000236,-0.000223,-0.000269,-0.000220,0.000000,  16.014,     5.2
   627.0,-0.000245,-0.000231,-0.000344,-0.000119,0.000000,  16.006,     5.2
   628.0,-0.000254,-0.000220,-0.000233,0.000099,0.000000,  16.006,     5.2
   629.0,-0.000241,-0.000213,-0.000159,-0.000578,0.000000,  16.013,     5.2
   630.0,-0.000245,-0.000213,-0.000197,-0.000142,0.000000,  16.013,     5.3
   631.0,-0.000236,-0.000213,-0.000233,-0.000220,0.000000,  16.013,     5.3
   632.0,-0.000241,-0.000209,-0.000269,-0.000220,0.000000,  16.012,     5.3
   633.0,-0.000245,-0.000206,-0.000269,-0.000929,0.000000,  16.002,     5.3
   634.0,-0.000236,-0.000206,-0.000233,-0.000477,0.000000,  16.010,     5.3
