Run Name,20220915_dsnPPR10_1Cy3_2AF_0delay
Run Date,03:57:11 PM   09-16-22
Method Name,0.5 ml / min 100 uL inject 4WL FRET
Export Format Version, 1.00
Method ID,  899
Points/Second, 1.00
Number of Records,    636
Offset from Run Start Time,00:00:00
Run End Time,00:10:36
Time,Second
QuadTec 1, (280.0 nm), AU
QuadTec 2, (260.0 nm), AU
Gradient Pump,<Not Selected>
QuadTec 3, (550.0 nm), AU
QuadTec 4, (650.0 nm), AU
UV,AU
Conductivity,mS/cm
GP Pressure,<Not Selected>
Volume,ml
Fraction,<Not Available>
Time,QuadTec 1,QuadTec 2,QuadTec 3,QuadTec 4,UV,Conductivity,Volume
     0.0,-0.001046,-0.000243,0.002245,0.000227,0.957814,  17.896,     0.0
     1.0,-0.001031,-0.000233,0.002109,0.000174,0.954384,  17.900,     0.0
     2.0,-0.001007,-0.000229,0.001879,0.000167,0.950414,  17.903,     0.0
     3.0,0.000000,-0.000213,0.002121,-0.001609,0.948583,  17.898,     0.0
     4.0,0.000000,0.000000,-0.666053,-0.003596,0.953259,  17.907,     0.0
     5.0,-0.000009,0.000013,0.000109,-0.003281,0.952650,  17.905,     0.0
     6.0,-0.000026,0.000008,0.000219,-0.003967,0.948717,  17.900,     0.1
     7.0,-0.000012,0.000038,-0.000008,-0.003848,0.946871,  17.895,     0.1
     8.0,0.000017,0.000053,0.000268,-0.001914,0.947526,  17.892,     0.1
     9.0,0.000046,0.000081,0.000378,-0.001796,0.950230,  17.894,     0.1
    10.0,0.000059,0.000119,0.000206,-0.002555,0.949883,  17.892,     0.1
    11.0,0.000072,0.000140,0.000370,-0.003941,0.944943,  17.887,     0.1
    12.0,0.000093,0.000160,0.000368,-0.004158,0.944719,  17.897,     0.1
    13.0,0.000106,0.000191,0.000365,-0.003822,0.949238,  17.890,     0.1
    14.0,0.000142,0.000234,0.000308,-0.003585,0.952614,  17.899,     0.1
    15.0,0.000170,0.000253,0.000360,-0.003900,0.950502,  17.898,     0.1
    16.0,0.000182,0.000284,0.000525,-0.003606,0.953065,  17.898,     0.1
    17.0,0.000172,0.000325,0.000355,-0.004329,0.955909,  17.901,     0.1
    18.0,0.000199,0.000350,0.000352,-0.005590,0.957290,  17.897,     0.2
    19.0,0.000242,0.000384,0.000629,-0.005195,0.956045,  17.904,     0.2
    20.0,0.000278,0.000425,0.000627,-0.004937,0.950686,  17.904,     0.2
    21.0,0.000305,0.000454,0.000679,-0.005825,0.947238,  17.906,     0.2
    22.0,0.000316,0.000495,0.000789,-0.006003,0.947525,  17.906,     0.2
    23.0,0.000351,0.000544,0.000787,-0.005233,0.948552,  17.899,     0.2
    24.0,0.000355,0.000567,0.000897,-0.005529,0.952927,  17.908,     0.2
    25.0,0.000412,0.000629,0.001004,-0.005410,0.953457,  17.907,     0.2
    26.0,0.000439,0.000661,0.001115,-0.006477,0.954292,  17.907,     0.2
    27.0,0.000427,0.000682,0.001057,-0.006813,0.952415,  17.910,     0.2
    28.0,0.000467,0.000726,0.001055,-0.007111,0.949769,  17.911,     0.2
    29.0,0.000494,0.000784,0.001052,-0.006615,0.951295,  17.912,     0.2
    30.0,0.000527,0.000799,0.000995,-0.006595,0.950495,  17.913,     0.3
    31.0,0.000567,0.000841,0.001160,-0.006892,0.952716,  17.916,     0.3
    32.0,0.000578,0.000884,0.001436,-0.007071,0.953787,  17.909,     0.3
    33.0,0.000611,0.000916,0.001378,-0.007349,0.955653,  17.911,     0.3
    34.0,0.000665,0.000970,0.001376,-0.007229,0.952341,  17.910,     0.3
    35.0,0.000690,0.000988,0.001599,-0.007786,0.949265,  17.906,     0.3
    36.0,0.000692,0.001042,0.001426,-0.007408,0.952930,  17.901,     0.3
    37.0,0.000754,0.001078,0.001539,-0.007926,0.951479,  17.903,     0.3
    38.0,0.000786,0.001118,0.001647,-0.007448,0.946948,  17.912,     0.3
    39.0,0.000855,0.001182,0.001816,-0.006951,0.946463,  17.897,     0.3
    40.0,0.000931,0.001238,0.001756,-0.006911,0.951018,  17.910,     0.3
    41.0,0.000978,0.001310,0.001864,-0.007209,0.952455,  17.910,     0.3
    42.0,0.001031,0.001389,0.001809,-0.007010,0.952352,  17.899,     0.3
    43.0,0.001253,0.001583,0.002088,-0.007090,0.949803,  17.917,     0.4
    44.0,0.001525,0.001954,0.002083,-0.006791,0.948342,  17.912,     0.4
    45.0,0.001486,0.002019,0.002249,-0.007607,0.949182,  17.909,     0.4
    46.0,0.001379,0.001923,0.002305,-0.008186,0.951356,  17.912,     0.4
    47.0,0.001330,0.001820,0.002305,-0.008266,0.950832,  17.913,     0.4
    48.0,0.001306,0.001780,0.002471,-0.008066,0.949710,  17.909,     0.4
    49.0,0.001320,0.001808,0.002469,-0.008326,0.950815,  17.910,     0.4
    50.0,0.001347,0.001818,0.002469,-0.008606,0.951793,  17.912,     0.4
    51.0,0.001405,0.001862,0.002635,-0.008386,0.952370,  17.913,     0.4
    52.0,0.001440,0.001896,0.002917,-0.008087,0.951987,  17.907,     0.4
    53.0,0.001496,0.001938,0.002968,-0.008386,0.949426,  17.906,     0.4
    54.0,0.001538,0.001997,0.003137,-0.008867,0.950362,  17.912,     0.4
    55.0,0.001558,0.002045,0.003137,-0.008467,0.952147,  17.916,     0.5
    56.0,0.001637,0.002099,0.003079,-0.009148,0.953587,  17.911,     0.5
    57.0,0.001691,0.002151,0.003246,-0.009309,0.951251,  17.914,     0.5
    58.0,0.001739,0.002229,0.003357,-0.009568,0.951524,  17.916,     0.5
    59.0,0.001765,0.002254,0.003523,-0.009930,0.957986,  17.913,     0.5
    60.0,0.001788,0.002293,0.003692,-0.010251,0.960186,  17.915,     0.5
    61.0,0.001821,0.002331,0.003579,-0.009649,0.959664,  17.918,     0.5
    62.0,0.001853,0.002365,0.003633,-0.010313,0.955380,  17.915,     0.5
    63.0,0.001919,0.002407,0.003913,-0.010232,0.953594,  17.916,     0.5
    64.0,0.001951,0.002427,0.004025,-0.009629,0.953605,  17.913,     0.5
    65.0,0.001989,0.002459,0.004079,-0.009973,0.951849,  17.910,     0.5
    66.0,0.002019,0.002494,0.004304,-0.009992,0.948968,  17.909,     0.6
    67.0,0.002055,0.002539,0.004359,-0.009710,0.948619,  17.911,     0.6
    68.0,0.002136,0.002574,0.004358,-0.010313,0.948456,  17.901,     0.6
    69.0,0.002179,0.002593,0.004471,-0.010193,0.945954,  17.902,     0.6
    70.0,0.002235,0.002625,0.004693,-0.010394,0.947167,  17.899,     0.6
    71.0,0.002286,0.002669,0.004806,-0.010777,0.946699,  17.893,     0.6
    72.0,0.002314,0.002686,0.004862,-0.011382,0.947070,  17.902,     0.6
    73.0,0.002390,0.002719,0.005031,-0.011703,0.949307,  17.897,     0.6
    74.0,0.002433,0.002758,0.005255,-0.011703,0.950732,  17.897,     0.6
    75.0,0.002445,0.002755,0.005253,-0.011319,0.954385,  17.889,     0.6
    76.0,0.002498,0.002775,0.005421,-0.011382,0.952527,  17.897,     0.6
    77.0,0.002539,0.002822,0.005476,-0.011300,0.949421,  17.892,     0.6
    78.0,0.002558,0.002849,0.005476,-0.011401,0.950460,  17.891,     0.7
    79.0,0.002596,0.002864,0.005701,-0.011785,0.948950,  17.883,     0.7
    80.0,0.002649,0.002878,0.005757,-0.011665,0.946250,  17.894,     0.7
    81.0,0.002667,0.002909,0.005925,-0.011602,0.945561,  17.892,     0.7
    82.0,0.002718,0.002916,0.006093,-0.012309,0.944546,  17.892,     0.7
    83.0,0.002726,0.002939,0.006262,-0.012227,0.948114,  17.897,     0.7
    84.0,0.002757,0.002954,0.006318,-0.012429,0.950489,  17.897,     0.7
    85.0,0.002779,0.002941,0.006373,-0.012750,0.951254,  17.894,     0.7
    86.0,0.002808,0.002962,0.006543,-0.012852,0.949693,  17.891,     0.7
    87.0,0.002845,0.002996,0.006654,-0.012631,0.948724,  17.888,     0.7
    88.0,0.002861,0.003022,0.006879,-0.012953,0.949297,  17.894,     0.7
    89.0,0.002887,0.003011,0.006936,-0.012971,0.949982,  17.889,     0.7
    90.0,0.002922,0.003055,0.006936,-0.013072,0.950254,  17.895,     0.8
    91.0,0.002944,0.003065,0.007161,-0.013275,0.949467,  17.894,     0.8
    92.0,0.002989,0.003064,0.007161,-0.013376,0.950243,  17.897,     0.8
    93.0,0.003003,0.003066,0.007328,-0.013174,0.947746,  17.897,     0.8
    94.0,0.003004,0.003065,0.007384,-0.013597,0.947831,  17.898,     0.8
    95.0,0.003034,0.003054,0.007553,-0.013174,0.948471,  17.896,     0.8
    96.0,0.003027,0.003084,0.007721,-0.013679,0.948045,  17.898,     0.8
    97.0,0.003054,0.003092,0.007778,-0.014306,0.947761,  17.895,     0.8
    98.0,0.003076,0.003081,0.008003,-0.013900,0.949083,  17.904,     0.8
    99.0,0.003095,0.003088,0.008283,-0.014324,0.951365,  17.902,     0.8
   100.0,0.003088,0.003097,0.008283,-0.014342,0.952721,  17.901,     0.8
   101.0,0.003116,0.003076,0.008395,-0.014407,0.952345,  17.902,     0.8
   102.0,0.003114,0.003070,0.008395,-0.014831,0.947888,  17.904,     0.9
   103.0,0.003146,0.003088,0.008451,-0.014849,0.950155,  17.907,     0.9
   104.0,0.003171,0.003092,0.008732,-0.014729,0.948506,  17.907,     0.9
   105.0,0.003237,0.003065,0.008788,-0.014896,0.948199,  17.904,     0.9
   106.0,0.003249,0.003074,0.009124,-0.014878,0.947898,  17.906,     0.9
   107.0,0.003319,0.003082,0.009180,-0.014924,0.945452,  17.899,     0.9
   108.0,0.003423,0.003109,0.009517,-0.014685,0.945641,  17.904,     0.9
   109.0,0.003533,0.003135,0.009909,-0.014241,0.945419,  17.893,     0.9
   110.0,0.003628,0.003186,0.010021,-0.013798,0.948011,  17.891,     0.9
   111.0,0.003783,0.003228,0.010413,-0.013779,0.947153,  17.900,     0.9
   112.0,0.003883,0.003255,0.010582,-0.013539,0.944624,  17.886,     0.9
   113.0,0.003925,0.003282,0.010918,-0.013742,0.945927,  17.891,     0.9
   114.0,0.004004,0.003286,0.011030,-0.013622,0.948648,  17.881,     1.0
   115.0,0.004064,0.003311,0.011535,-0.013825,0.947626,  17.890,     1.0
   116.0,0.004098,0.003309,0.011647,-0.014029,0.949656,  17.882,     1.0
   117.0,0.004157,0.003298,0.011927,-0.014029,0.952634,  17.884,     1.0
   118.0,0.004183,0.003280,0.011983,-0.014251,0.953303,  17.878,     1.0
   119.0,0.004185,0.003264,0.012263,-0.014269,0.948643,  17.881,     1.0
   120.0,0.004223,0.003249,0.012543,-0.014473,0.944579,  17.868,     1.0
   121.0,0.004243,0.003237,0.012655,-0.014251,0.945660,  17.866,     1.0
   122.0,0.004275,0.003206,0.012822,-0.014389,0.945499,  17.869,     1.0
   123.0,0.004262,0.003197,0.012990,-0.014695,0.947965,  17.872,     1.0
   124.0,0.004256,0.003172,0.012990,-0.014815,0.948072,  17.866,     1.0
   125.0,0.004232,0.003132,0.013269,-0.014408,0.948671,  17.868,     1.0
   126.0,0.004263,0.003083,0.013436,-0.014324,0.947421,  17.868,     1.1
   127.0,0.004255,0.003060,0.013604,-0.014815,0.945517,  17.854,     1.1
   128.0,0.004269,0.003043,0.013771,-0.014648,0.949375,  17.867,     1.1
   129.0,0.004263,0.003000,0.013716,-0.014648,0.952657,  17.865,     1.1
   130.0,0.004250,0.002965,0.014050,-0.015258,0.951811,  17.867,     1.1
   131.0,0.004251,0.002928,0.014273,-0.015498,0.946877,  17.862,     1.1
   132.0,0.004234,0.002908,0.014384,-0.015498,0.946741,  17.867,     1.1
   133.0,0.004220,0.002872,0.014496,-0.015888,0.947848,  17.865,     1.1
   134.0,0.004222,0.002833,0.014718,-0.015924,0.947164,  17.870,     1.1
   135.0,0.004186,0.002812,0.014941,-0.015822,0.943252,  17.867,     1.1
   136.0,0.004209,0.002780,0.015052,-0.015858,0.943068,  17.870,     1.1
   137.0,0.004181,0.002728,0.015387,-0.015996,0.942529,  17.870,     1.1
   138.0,0.004152,0.002661,0.015608,-0.016302,0.947514,  17.869,     1.1
   139.0,0.004121,0.002603,0.015830,-0.016643,0.949828,  17.870,     1.2
   140.0,0.004087,0.002575,0.015830,-0.016236,0.948382,  17.864,     1.2
   141.0,0.004065,0.002535,0.015995,-0.016607,0.945681,  17.870,     1.2
   142.0,0.004036,0.002483,0.016050,-0.016847,0.949448,  17.868,     1.2
   143.0,0.004010,0.002417,0.016161,-0.016595,0.951888,  17.871,     1.2
   144.0,0.003974,0.002375,0.016604,-0.016595,0.951259,  17.865,     1.2
   145.0,0.003934,0.002308,0.016493,-0.017259,0.950267,  17.863,     1.2
   146.0,0.003897,0.002240,0.016548,-0.017073,0.949594,  17.867,     1.2
   147.0,0.003827,0.002160,0.016770,-0.017277,0.947171,  17.863,     1.2
   148.0,0.003783,0.002100,0.016879,-0.017702,0.944634,  17.862,     1.2
   149.0,0.003730,0.002029,0.017156,-0.018025,0.945252,  17.867,     1.2
   150.0,0.003667,0.001986,0.017156,-0.017958,0.946275,  17.860,     1.3
   151.0,0.003618,0.001926,0.017321,-0.018077,0.948444,  17.872,     1.3
   152.0,0.003572,0.001870,0.017265,-0.018299,0.944828,  17.872,     1.3
   153.0,0.003516,0.001811,0.017372,-0.018605,0.944888,  17.875,     1.3
   154.0,0.003468,0.001735,0.017482,-0.018622,0.943647,  17.873,     1.3
   155.0,0.003406,0.001685,0.017647,-0.018776,0.944074,  17.873,     1.3
   156.0,0.003363,0.001623,0.017756,-0.018589,0.946718,  17.863,     1.3
   157.0,0.003310,0.001557,0.017866,-0.018827,0.949466,  17.875,     1.3
   158.0,0.003245,0.001501,0.018086,-0.019133,0.949548,  17.874,     1.3
   159.0,0.003214,0.001428,0.018028,-0.019575,0.950335,  17.874,     1.3
   160.0,0.003163,0.001369,0.018249,-0.019252,0.948175,  17.880,     1.3
   161.0,0.003112,0.001332,0.018415,-0.018981,0.946208,  17.880,     1.3
   162.0,0.003053,0.001265,0.018523,-0.019371,0.943365,  17.885,     1.4
   163.0,0.003009,0.001205,0.018799,-0.019507,0.944798,  17.882,     1.4
   164.0,0.002982,0.001149,0.018741,-0.019813,0.944004,  17.888,     1.4
   165.0,0.002953,0.001084,0.018959,-0.019932,0.943339,  17.891,     1.4
   166.0,0.002926,0.001033,0.019178,-0.020051,0.947930,  17.892,     1.4
   167.0,0.002890,0.000984,0.019066,-0.019711,0.950467,  17.890,     1.4
   168.0,0.002862,0.000938,0.019340,-0.019202,0.950680,  17.892,     1.4
   169.0,0.002848,0.000910,0.019618,-0.019524,0.945478,  17.891,     1.4
   170.0,0.002846,0.000868,0.019615,-0.019405,0.945552,  17.892,     1.4
   171.0,0.002836,0.000826,0.019779,-0.019456,0.946328,  17.886,     1.4
   172.0,0.002851,0.000817,0.020054,-0.019235,0.950299,  17.887,     1.4
   173.0,0.002856,0.000781,0.020107,-0.019116,0.952439,  17.882,     1.4
   174.0,0.002861,0.000770,0.020438,-0.018895,0.949356,  17.879,     1.5
   175.0,0.002902,0.000742,0.020382,-0.018537,0.945096,  17.879,     1.5
   176.0,0.002941,0.000743,0.020876,-0.018281,0.942081,  17.882,     1.5
   177.0,0.002996,0.000732,0.021042,-0.017635,0.944976,  17.881,     1.5
   178.0,0.003104,0.000728,0.021154,-0.017192,0.945652,  17.879,     1.5
   179.0,0.003156,0.000737,0.021484,-0.016732,0.946176,  17.877,     1.5
   180.0,0.003261,0.000770,0.021871,-0.016373,0.942585,  17.875,     1.5
   181.0,0.003376,0.000793,0.022146,-0.015774,0.946335,  17.877,     1.5
   182.0,0.003472,0.000820,0.022311,-0.015175,0.950171,  17.871,     1.5
   183.0,0.003611,0.000869,0.022698,-0.014491,0.951960,  17.864,     1.5
   184.0,0.003764,0.000889,0.023084,-0.013788,0.949300,  17.867,     1.5
   185.0,0.003915,0.000940,0.023362,-0.013492,0.946455,  17.866,     1.5
   186.0,0.004077,0.001016,0.023860,-0.012806,0.946760,  17.867,     1.6
   187.0,0.004222,0.001072,0.024303,-0.012120,0.948714,  17.857,     1.6
   188.0,0.004410,0.001120,0.024802,-0.011961,0.945839,  17.865,     1.6
   189.0,0.004561,0.001178,0.025192,-0.011516,0.945591,  17.866,     1.6
   190.0,0.004712,0.001231,0.025474,-0.011458,0.945531,  17.864,     1.6
   191.0,0.004863,0.001281,0.025913,-0.011153,0.947662,  17.868,     1.6
   192.0,0.004949,0.001320,0.026299,-0.010543,0.947550,  17.865,     1.6
   193.0,0.005025,0.001362,0.026629,-0.010727,0.947512,  17.855,     1.6
   194.0,0.005094,0.001404,0.026959,-0.010949,0.947424,  17.861,     1.6
   195.0,0.005143,0.001411,0.027068,-0.011516,0.952547,  17.864,     1.6
   196.0,0.005154,0.001404,0.027068,-0.011027,0.954713,  17.860,     1.6
   197.0,0.005126,0.001406,0.027225,-0.011167,0.951858,  17.855,     1.6
   198.0,0.005084,0.001413,0.027385,-0.011529,0.947273,  17.857,     1.6
   199.0,0.005015,0.001379,0.027437,-0.012113,0.946527,  17.853,     1.7
   200.0,0.004908,0.001332,0.027541,-0.012798,0.949720,  17.863,     1.7
   201.0,0.004784,0.001285,0.027255,-0.013317,0.951642,  17.850,     1.7
   202.0,0.004662,0.001226,0.027195,-0.014324,0.951140,  17.855,     1.7
   203.0,0.004501,0.001166,0.027070,-0.014398,0.947448,  17.864,     1.7
   204.0,0.004299,0.001116,0.026893,-0.015016,0.947296,  17.858,     1.7
   205.0,0.004123,0.001033,0.026664,-0.015346,0.945998,  17.864,     1.7
   206.0,0.003906,0.000962,0.026488,-0.016384,0.946202,  17.868,     1.7
   207.0,0.003682,0.000874,0.026200,-0.016271,0.948423,  17.861,     1.7
   208.0,0.003471,0.000797,0.025748,-0.017086,0.950154,  17.872,     1.7
   209.0,0.003233,0.000723,0.025681,-0.018155,0.949329,  17.870,     1.7
   210.0,0.002973,0.000661,0.025286,-0.018765,0.949594,  17.874,     1.8
   211.0,0.002747,0.000550,0.024833,-0.019593,0.948898,  17.875,     1.8
   212.0,0.002542,0.000456,0.024495,-0.020201,0.947676,  17.877,     1.8
   213.0,0.002289,0.000378,0.024047,-0.020925,0.949020,  17.877,     1.8
   214.0,0.002048,0.000310,0.023755,-0.021732,0.946366,  17.876,     1.8
   215.0,0.001817,0.000216,0.023367,-0.022688,0.945445,  17.877,     1.8
   216.0,0.001554,0.000139,0.022973,-0.022885,0.947107,  17.874,     1.8
   217.0,0.001346,0.000071,0.022742,-0.023992,0.948249,  17.881,     1.8
   218.0,0.001126,-0.000029,0.022405,-0.025215,0.947299,  17.884,     1.8
   219.0,0.000897,-0.000119,0.021908,-0.025222,0.947371,  17.881,     1.8
   220.0,0.000672,-0.000174,0.021624,-0.025632,0.947470,  17.883,     1.8
   221.0,0.000464,-0.000248,0.021178,-0.026445,0.949386,  17.880,     1.8
   222.0,0.000251,-0.000311,0.020846,-0.027358,0.948889,  17.874,     1.9
   223.0,0.000038,-0.000353,0.020511,-0.027850,0.947815,  17.884,     1.9
   224.0,-0.000148,-0.000439,0.020122,-0.028515,0.948124,  17.886,     1.9
   225.0,-0.000318,-0.000476,0.019844,-0.028919,0.949218,  17.879,     1.9
   226.0,-0.000526,-0.000521,0.019565,-0.029164,0.945609,  17.881,     1.9
   227.0,-0.000690,-0.000564,0.019124,-0.029653,0.945773,  17.890,     1.9
   228.0,-0.000834,-0.000614,0.018740,-0.030155,0.952750,  17.890,     1.9
   229.0,-0.000976,-0.000637,0.018463,-0.030527,0.955174,  17.884,     1.9
   230.0,-0.001109,-0.000651,0.018131,-0.030972,0.951311,  17.894,     1.9
   231.0,-0.001241,-0.000671,0.017910,-0.031645,0.953988,  17.903,     1.9
   232.0,-0.001368,-0.000668,0.017528,-0.032176,0.952767,  17.903,     1.9
   233.0,-0.001478,-0.000673,0.017360,-0.032344,0.954789,  17.905,     1.9
   234.0,-0.001557,-0.000640,0.016979,-0.032613,0.952608,  17.910,     2.0
   235.0,-0.001667,-0.000645,0.016758,-0.032640,0.951559,  17.912,     2.0
   236.0,-0.001756,-0.000632,0.016593,-0.032666,0.948681,  17.913,     2.0
   237.0,-0.001829,-0.000602,0.016266,-0.032921,0.948768,  17.916,     2.0
   238.0,-0.001880,-0.000571,0.015993,-0.033048,0.947555,  17.917,     2.0
   239.0,-0.001958,-0.000527,0.015775,-0.033288,0.951877,  17.922,     2.0
   240.0,-0.002014,-0.000483,0.015664,-0.033341,0.951278,  17.919,     2.0
   241.0,-0.002038,-0.000460,0.015446,-0.032953,0.951376,  17.927,     2.0
   242.0,-0.002061,-0.000415,0.015282,-0.033053,0.951852,  17.926,     2.0
   243.0,-0.002090,-0.000383,0.015118,-0.032752,0.953983,  17.923,     2.0
   244.0,-0.002103,-0.000348,0.014848,-0.032351,0.953294,  17.920,     2.0
   245.0,-0.002097,-0.000289,0.014738,-0.031924,0.950483,  17.916,     2.0
   246.0,-0.002082,-0.000230,0.014575,-0.031683,0.950767,  17.906,     2.0
   247.0,-0.002050,-0.000126,0.014519,-0.030886,0.951539,  17.905,     2.1
   248.0,-0.002040,-0.000072,0.014304,-0.029974,0.950830,  17.914,     2.1
   249.0,-0.001989,0.000024,0.014301,-0.028288,0.948714,  17.911,     2.1
   250.0,-0.001895,0.000143,0.014139,-0.026696,0.946198,  17.905,     2.1
   251.0,-0.001800,0.000276,0.014243,-0.022998,0.944391,  17.911,     2.1
   252.0,-0.001647,0.000410,0.014188,-0.020078,0.943755,  17.908,     2.1
   253.0,-0.001484,0.000563,0.014291,-0.015428,0.944934,  17.905,     2.1
   254.0,-0.001280,0.000802,0.014343,-0.007528,0.947596,  17.904,     2.1
   255.0,-0.000979,0.001049,0.014606,0.001507,0.948427,  17.887,     2.1
   256.0,-0.000527,0.001363,0.014975,0.014738,0.946916,  17.898,     2.1
   257.0,0.000023,0.001868,0.015505,0.038496,0.946365,  17.897,     2.1
   258.0,0.000856,0.002466,0.016460,0.064534,0.948199,  17.901,     2.2
   259.0,0.002179,0.003370,0.018164,0.099299,0.950020,  17.888,     2.2
   260.0,0.003717,0.004789,0.020304,0.150299,0.949816,  17.898,     2.2
   261.0,0.005872,0.006408,0.023260,0.194082,0.949787,  17.895,     2.2
   262.0,0.008907,0.008645,0.028026,0.240277,0.950012,  17.893,     2.2
   263.0,0.011904,0.011750,0.032687,0.294060,0.947060,  17.893,     2.2
   264.0,0.015401,0.014697,0.038163,0.328842,0.943980,  17.895,     2.2
   265.0,0.019405,0.017958,0.044938,0.358683,0.947514,  17.894,     2.2
   266.0,0.022520,0.021475,0.050449,0.386455,0.947793,  17.894,     2.2
   267.0,0.025419,0.023951,0.055306,0.400156,0.946852,  17.891,     2.2
   268.0,0.027932,0.025969,0.060034,0.409298,0.950372,  17.894,     2.2
   269.0,0.029262,0.027493,0.062635,0.415849,0.950166,  17.894,     2.2
   270.0,0.030010,0.028294,0.064022,0.416996,0.946584,  17.893,     2.3
   271.0,0.030078,0.028443,0.064367,0.414787,0.950081,  17.887,     2.3
   272.0,0.029543,0.028044,0.063515,0.410191,0.955342,  17.887,     2.3
   273.0,0.028552,0.027240,0.062007,0.402469,0.952414,  17.888,     2.3
   274.0,0.027100,0.026221,0.059750,0.394195,0.942652,  17.881,     2.3
   275.0,0.025633,0.024846,0.056455,0.383827,0.943045,  17.878,     2.3
   276.0,0.023974,0.023345,0.053509,0.369534,0.948459,  17.880,     2.3
   277.0,0.022028,0.021862,0.050602,0.355902,0.944851,  17.885,     2.3
   278.0,0.020044,0.020123,0.046442,0.338272,0.940624,  17.882,     2.3
   279.0,0.018105,0.018318,0.043388,0.316101,0.942514,  17.881,     2.3
   280.0,0.015783,0.016525,0.040076,0.295364,0.943854,  17.886,     2.3
   281.0,0.013330,0.014321,0.035862,0.271693,0.943112,  17.888,     2.3
   282.0,0.010875,0.011948,0.032353,0.244270,0.942241,  17.893,     2.4
   283.0,0.007956,0.009598,0.028661,0.221892,0.940971,  17.894,     2.4
   284.0,0.005035,0.007117,0.023941,0.198710,0.941850,  17.895,     2.4
   285.0,0.002432,0.004198,0.020539,0.174221,0.942003,  17.896,     2.4
   286.0,-0.000019,0.002037,0.017225,0.156502,0.941987,  17.897,     2.4
   287.0,-0.001836,0.000305,0.013836,0.138305,0.941577,  17.901,     2.4
   288.0,-0.002769,-0.000976,0.011869,0.121166,0.944796,  17.901,     2.4
   289.0,-0.002850,-0.001291,0.010582,0.108589,0.950101,  17.903,     2.4
   290.0,-0.002143,-0.000954,0.010171,0.096718,0.951359,  17.905,     2.4
   291.0,-0.000946,0.000220,0.010479,0.084592,0.955726,  17.898,     2.4
   292.0,0.000738,0.001523,0.011095,0.075097,0.957652,  17.909,     2.4
   293.0,0.002427,0.003026,0.012172,0.067716,0.958697,  17.913,     2.4
   294.0,0.003851,0.004703,0.012788,0.059478,0.956275,  17.909,     2.5
   295.0,0.005210,0.005916,0.013506,0.052307,0.957272,  17.918,     2.5
   296.0,0.006292,0.006951,0.014018,0.046457,0.957365,  17.922,     2.5
   297.0,0.007039,0.007890,0.014325,0.040657,0.956650,  17.921,     2.5
   298.0,0.007635,0.008424,0.014374,0.035752,0.961065,  17.919,     2.5
   299.0,0.007955,0.008776,0.014473,0.031580,0.963323,  17.912,     2.5
   300.0,0.008045,0.008911,0.014265,0.027205,0.967127,  17.918,     2.5
   301.0,0.007944,0.008773,0.014005,0.022926,0.969606,  17.909,     2.5
   302.0,0.007669,0.008493,0.013695,0.019659,0.967737,  17.910,     2.5
   303.0,0.007300,0.008003,0.013130,0.016437,0.966277,  17.906,     2.5
   304.0,0.006862,0.007477,0.012567,0.013761,0.965221,  17.899,     2.5
   305.0,0.006264,0.006908,0.012209,0.011230,0.968104,  17.903,     2.5
   306.0,0.005740,0.006192,0.011648,0.008882,0.963021,  17.899,     2.5
   307.0,0.005252,0.005567,0.011292,0.006987,0.961510,  17.896,     2.6
   308.0,0.004702,0.004985,0.011038,0.004728,0.961163,  17.888,     2.6
   309.0,0.004288,0.004429,0.010936,0.003724,0.962747,  17.884,     2.6
   310.0,0.003898,0.003810,0.010784,0.002725,0.961443,  17.868,     2.6
   311.0,0.003496,0.003373,0.010986,0.001549,0.957825,  17.868,     2.6
   312.0,0.003217,0.002966,0.011188,0.000647,0.958207,  17.859,     2.6
   313.0,0.002986,0.002530,0.011694,-0.000587,0.963439,  17.845,     2.6
   314.0,0.002829,0.002230,0.012300,-0.001830,0.961355,  17.825,     2.6
   315.0,0.002672,0.001958,0.013060,-0.002820,0.951761,  17.795,     2.6
   316.0,0.002595,0.001673,0.014174,-0.003847,0.947315,  17.757,     2.6
   317.0,0.002548,0.001494,0.015494,-0.004888,0.946240,  17.724,     2.6
   318.0,0.002594,0.001330,0.017175,-0.005633,0.946981,  17.679,     2.7
   319.0,0.002689,0.001190,0.019680,-0.007157,0.948640,  17.636,     2.7
   320.0,0.002858,0.001119,0.022354,-0.007995,0.945610,  17.586,     2.7
   321.0,0.003268,0.001114,0.026238,-0.009007,0.943512,  17.549,     2.7
   322.0,0.003716,0.001186,0.032155,-0.009335,0.945313,  17.507,     2.7
   323.0,0.004418,0.001384,0.039059,-0.009913,0.947119,  17.479,     2.7
   324.0,0.005663,0.001642,0.048361,-0.010530,0.943400,  17.454,     2.7
   325.0,0.006975,0.002068,0.061791,-0.011224,0.942994,  17.432,     2.7
   326.0,0.008666,0.002819,0.078030,-0.011936,0.942952,  17.429,     2.7
   327.0,0.011147,0.003543,0.096103,-0.012476,0.945633,  17.434,     2.7
   328.0,0.013471,0.004444,0.119168,-0.013149,0.944544,  17.444,     2.7
   329.0,0.016052,0.005747,0.144117,-0.013743,0.944754,  17.464,     2.7
   330.0,0.018738,0.006834,0.168052,-0.013760,0.947434,  17.497,     2.8
   331.0,0.021976,0.007951,0.194906,-0.014043,0.954202,  17.528,     2.8
   332.0,0.024275,0.009278,0.219651,-0.014326,0.949485,  17.561,     2.8
   333.0,0.026404,0.010176,0.239677,-0.014264,0.950815,  17.608,     2.8
   334.0,0.028501,0.010982,0.258585,-0.014934,0.955137,  17.652,     2.8
   335.0,0.029649,0.011717,0.272725,-0.015232,0.955614,  17.694,     2.8
   336.0,0.030399,0.012063,0.281688,-0.015381,0.955922,  17.728,     2.8
   337.0,0.030730,0.012229,0.286760,-0.016145,0.953851,  17.769,     2.8
   338.0,0.030510,0.012175,0.287521,-0.016538,0.954025,  17.805,     2.8
   339.0,0.029928,0.011939,0.284608,-0.016879,0.957599,  17.843,     2.8
   340.0,0.028758,0.011547,0.277718,-0.017351,0.956913,  17.868,     2.8
   341.0,0.027565,0.010894,0.268317,-0.017838,0.954453,  17.896,     2.8
   342.0,0.026127,0.010274,0.257430,-0.018308,0.953719,  17.908,     2.9
   343.0,0.024131,0.009571,0.243468,-0.019068,0.952362,  17.919,     2.9
   344.0,0.022494,0.008776,0.228967,-0.019343,0.948013,  17.925,     2.9
   345.0,0.020746,0.007839,0.214841,-0.019714,0.949877,  17.931,     2.9
   346.0,0.018599,0.007049,0.200310,-0.020181,0.955582,  17.936,     2.9
   347.0,0.016941,0.006231,0.182971,-0.020647,0.954462,  17.930,     2.9
   348.0,0.015281,0.005307,0.169164,-0.020791,0.954349,  17.938,     2.9
   349.0,0.013316,0.004597,0.155713,-0.021338,0.953925,  17.933,     2.9
   350.0,0.011871,0.003873,0.140205,-0.021787,0.953029,  17.923,     2.9
   351.0,0.010481,0.003089,0.128522,-0.022011,0.949775,  17.926,     2.9
   352.0,0.009120,0.002522,0.117264,-0.022429,0.946538,  17.927,     2.9
   353.0,0.007717,0.001947,0.105113,-0.022908,0.947059,  17.921,     2.9
   354.0,0.006657,0.001353,0.095777,-0.023147,0.949711,  17.917,     3.0
   355.0,0.005605,0.000889,0.087193,-0.023385,0.954112,  17.913,     3.0
   356.0,0.004506,0.000460,0.077778,-0.023030,0.956367,  17.913,     3.0
   357.0,0.003713,0.000002,0.070750,-0.023431,0.954360,  17.908,     3.0
   358.0,0.002928,-0.000321,0.064366,-0.023929,0.953529,  17.897,     3.0
   359.0,0.002119,-0.000652,0.057418,-0.024055,0.958518,  17.901,     3.0
   360.0,0.001510,-0.000993,0.052179,-0.024182,0.955681,  17.904,     3.0
   361.0,0.000895,-0.001228,0.047534,-0.024791,0.955660,  17.896,     3.0
   362.0,0.000280,-0.001464,0.042404,-0.024502,0.957489,  17.905,     3.0
   363.0,-0.000154,-0.001708,0.038610,-0.024323,0.955648,  17.902,     3.0
   364.0,-0.000601,-0.001913,0.035211,-0.024435,0.954697,  17.903,     3.0
   365.0,-0.001059,-0.002075,0.032257,-0.024435,0.955755,  17.902,     3.0
   366.0,-0.001382,-0.002261,0.028856,-0.024450,0.959694,  17.903,     3.0
   367.0,-0.001692,-0.002403,0.026413,-0.024272,0.964138,  17.903,     3.1
   368.0,-0.002027,-0.002536,0.024085,-0.024576,0.964118,  17.907,     3.1
   369.0,-0.002324,-0.002659,0.021513,-0.024591,0.960703,  17.903,     3.1
   370.0,-0.002585,-0.002785,0.019922,-0.025281,0.962159,  17.902,     3.1
   371.0,-0.002865,-0.002894,0.018237,-0.025281,0.966739,  17.910,     3.1
   372.0,-0.003058,-0.002998,0.016603,-0.025489,0.969292,  17.904,     3.1
   373.0,-0.003250,-0.003091,0.015132,-0.025392,0.967009,  17.912,     3.1
   374.0,-0.003444,-0.003181,0.013966,-0.025266,0.962716,  17.911,     3.1
   375.0,-0.003624,-0.003256,0.012500,-0.025668,0.964081,  17.905,     3.1
   376.0,-0.003793,-0.003325,0.011591,-0.026055,0.964783,  17.901,     3.1
   377.0,-0.003924,-0.003375,0.010783,-0.025474,0.965339,  17.903,     3.1
   378.0,-0.004074,-0.003446,0.009977,-0.025653,0.960615,  17.902,     3.2
   379.0,-0.004200,-0.003509,0.008918,-0.025556,0.959054,  17.903,     3.2
   380.0,-0.004319,-0.003565,0.008364,-0.025638,0.958648,  17.898,     3.2
   381.0,-0.004439,-0.003626,0.007760,-0.025542,0.954949,  17.902,     3.2
   382.0,-0.004559,-0.003670,0.007054,-0.025348,0.954495,  17.905,     3.2
   383.0,-0.004641,-0.003726,0.006500,-0.025542,0.956670,  17.900,     3.2
   384.0,-0.004755,-0.003772,0.006097,-0.025817,0.954649,  17.899,     3.2
   385.0,-0.004844,-0.003837,0.005591,-0.025997,0.954461,  17.900,     3.2
   386.0,-0.004926,-0.003884,0.005136,-0.026064,0.956559,  17.900,     3.2
   387.0,-0.005029,-0.003921,0.004732,-0.026035,0.955912,  17.899,     3.2
   388.0,-0.005125,-0.003953,0.004174,-0.025953,0.952189,  17.906,     3.2
   389.0,-0.005189,-0.004013,0.003870,-0.026035,0.953709,  17.899,     3.2
   390.0,-0.005266,-0.004055,0.003615,-0.026021,0.952073,  17.896,     3.3
   391.0,-0.005344,-0.004133,0.003258,-0.026423,0.948701,  17.900,     3.3
   392.0,-0.005421,-0.004174,0.002850,-0.026103,0.948174,  17.898,     3.3
   393.0,-0.005499,-0.004212,0.002644,-0.026268,0.950310,  17.902,     3.3
   394.0,-0.005597,-0.004255,0.002284,-0.026448,0.951839,  17.900,     3.3
   395.0,-0.005649,-0.004322,0.002028,-0.026419,0.949391,  17.901,     3.3
   396.0,-0.005727,-0.004391,0.001769,-0.026113,0.946716,  17.903,     3.3
   397.0,-0.005787,-0.004439,0.001562,-0.026069,0.946399,  17.903,     3.3
   398.0,-0.005859,-0.004496,0.001250,-0.026249,0.945771,  17.894,     3.3
   399.0,-0.005925,-0.004535,0.001196,-0.026693,0.947648,  17.901,     3.3
   400.0,-0.005979,-0.004589,0.000833,-0.026303,0.945575,  17.891,     3.3
   401.0,-0.006078,-0.004658,0.000776,-0.026386,0.942232,  17.902,     3.3
   402.0,-0.006132,-0.004706,0.000566,-0.025758,0.942431,  17.906,     3.4
   403.0,-0.006192,-0.004776,0.000355,-0.025758,0.936703,  17.898,     3.4
   404.0,-0.006266,-0.004815,0.000295,-0.025534,0.936734,  17.903,     3.4
   405.0,-0.006333,-0.004883,0.000084,-0.025684,0.942793,  17.903,     3.4
   406.0,-0.006374,-0.004928,-0.000180,-0.025933,0.946235,  17.897,     3.4
   407.0,-0.006456,-0.005008,-0.000241,-0.025933,0.947963,  17.905,     3.4
   408.0,-0.006504,-0.005067,-0.000352,-0.026114,0.944758,  17.898,     3.4
   409.0,-0.006572,-0.005143,-0.000516,-0.025957,0.946553,  17.897,     3.4
   410.0,-0.006647,-0.005178,-0.000628,-0.026221,0.947668,  17.895,     3.4
   411.0,-0.006695,-0.005227,-0.000689,-0.026080,0.944002,  17.897,     3.4
   412.0,-0.006757,-0.005304,-0.000958,-0.026148,0.940396,  17.897,     3.4
   413.0,-0.006840,-0.005334,-0.001070,-0.026134,0.940110,  17.897,     3.4
   414.0,-0.006902,-0.005394,-0.001028,-0.026006,0.941982,  17.900,     3.5
   415.0,-0.006964,-0.005460,-0.001298,-0.026144,0.940903,  17.900,     3.5
   416.0,-0.007027,-0.005521,-0.001100,-0.026311,0.941696,  17.896,     3.5
   417.0,-0.007104,-0.005578,-0.001425,-0.026099,0.939367,  17.898,     3.5
   418.0,-0.007147,-0.005643,-0.001436,-0.025957,0.936993,  17.900,     3.5
   419.0,-0.007217,-0.005700,-0.001552,-0.026109,0.939461,  17.898,     3.5
   420.0,-0.007314,-0.005767,-0.001564,-0.026375,0.941260,  17.899,     3.5
   421.0,-0.007371,-0.005828,-0.001576,-0.026134,0.941784,  17.909,     3.5
   422.0,-0.007441,-0.005891,-0.001692,-0.026090,0.939805,  17.904,     3.5
   423.0,-0.007506,-0.005938,-0.001758,-0.025962,0.942888,  17.910,     3.5
   424.0,-0.007570,-0.006015,-0.001929,-0.025917,0.942816,  17.907,     3.5
   425.0,-0.007661,-0.006083,-0.001995,-0.026154,0.943437,  17.908,     3.5
   426.0,-0.007726,-0.006156,-0.001956,-0.026125,0.942946,  17.911,     3.5
   427.0,-0.007784,-0.006229,-0.002125,-0.025868,0.940006,  17.917,     3.6
   428.0,-0.007870,-0.006302,-0.002086,-0.025625,0.940505,  17.913,     3.6
   429.0,-0.007935,-0.006371,-0.002153,-0.025580,0.940478,  17.917,     3.6
   430.0,-0.008014,-0.006450,-0.002220,-0.025634,0.937517,  17.920,     3.6
   431.0,-0.008086,-0.006519,-0.002338,-0.025361,0.939879,  17.919,     3.6
   432.0,-0.008173,-0.006577,-0.002405,-0.025163,0.941357,  17.916,     3.6
   433.0,-0.008260,-0.006630,-0.002421,-0.025018,0.943595,  17.925,     3.6
   434.0,-0.008326,-0.006715,-0.002595,-0.025554,0.941982,  17.929,     3.6
   435.0,-0.008406,-0.006779,-0.002766,-0.025126,0.941258,  17.929,     3.6
   436.0,-0.008500,-0.006832,-0.002731,-0.025264,0.942281,  17.929,     3.6
   437.0,-0.008560,-0.006918,-0.002850,-0.025219,0.941468,  17.929,     3.6
   438.0,-0.008648,-0.006962,-0.002653,-0.025472,0.942160,  17.928,     3.7
   439.0,-0.008736,-0.007021,-0.002776,-0.025128,0.942313,  17.930,     3.7
   440.0,-0.008803,-0.007091,-0.002896,-0.025282,0.943598,  17.924,     3.7
   441.0,-0.008892,-0.007151,-0.003072,-0.025221,0.946233,  17.924,     3.7
   442.0,-0.008981,-0.007216,-0.003089,-0.025460,0.945175,  17.932,     3.7
   443.0,-0.009062,-0.007271,-0.002998,-0.025415,0.944812,  17.929,     3.7
   444.0,-0.009138,-0.007358,-0.003119,-0.025284,0.945208,  17.929,     3.7
   445.0,-0.009213,-0.007392,-0.003132,-0.025224,0.945762,  17.931,     3.7
   446.0,-0.009289,-0.007446,-0.003205,-0.025278,0.943840,  17.930,     3.7
   447.0,-0.009379,-0.007507,-0.003435,-0.025418,0.939363,  17.928,     3.7
   448.0,-0.009469,-0.007590,-0.003344,-0.025272,0.941109,  17.921,     3.7
   449.0,-0.009552,-0.007656,-0.003256,-0.025025,0.940232,  17.922,     3.7
   450.0,-0.009636,-0.007712,-0.003431,-0.024863,0.937485,  17.920,     3.8
   451.0,-0.009741,-0.007779,-0.003448,-0.024801,0.940639,  17.914,     3.8
   452.0,-0.009803,-0.007851,-0.003578,-0.024941,0.940012,  17.919,     3.8
   453.0,-0.009860,-0.007918,-0.003483,-0.024895,0.941410,  17.925,     3.8
   454.0,-0.009944,-0.007975,-0.003500,-0.024934,0.937250,  17.924,     3.8
   455.0,-0.010057,-0.008036,-0.003631,-0.024670,0.935711,  17.921,     3.8
   456.0,-0.010099,-0.008077,-0.003701,-0.024724,0.936495,  17.918,     3.8
   457.0,-0.010192,-0.008128,-0.003715,-0.024982,0.940033,  17.924,     3.8
   458.0,-0.010277,-0.008201,-0.003794,-0.024920,0.940820,  17.922,     3.8
   459.0,-0.010384,-0.008270,-0.003808,-0.024858,0.941079,  17.919,     3.8
   460.0,-0.010464,-0.008321,-0.003716,-0.024928,0.940785,  17.925,     3.8
   461.0,-0.010563,-0.008368,-0.003954,-0.024968,0.937990,  17.925,     3.8
   462.0,-0.010613,-0.008436,-0.003862,-0.024686,0.938304,  17.926,     3.9
   463.0,-0.010708,-0.008484,-0.003987,-0.024436,0.939353,  17.922,     3.9
   464.0,-0.010809,-0.008553,-0.004005,-0.024357,0.940417,  17.921,     3.9
   465.0,-0.010866,-0.008605,-0.004077,-0.024412,0.940742,  17.917,     3.9
   466.0,-0.010938,-0.008641,-0.003984,-0.024451,0.940510,  17.920,     3.9
   467.0,-0.011041,-0.008700,-0.004056,-0.024537,0.942757,  17.923,     3.9
   468.0,-0.011156,-0.008797,-0.004129,-0.024388,0.942439,  17.917,     3.9
   469.0,-0.011236,-0.008867,-0.004366,-0.024443,0.941007,  17.918,     3.9
   470.0,-0.011317,-0.008893,-0.004385,-0.024600,0.942181,  17.914,     3.9
   471.0,-0.011383,-0.008952,-0.004516,-0.024861,0.940305,  17.912,     3.9
   472.0,-0.011471,-0.009006,-0.004419,-0.024593,0.945979,  17.905,     3.9
   473.0,-0.011574,-0.009060,-0.004492,-0.024766,0.947514,  17.911,     3.9
   474.0,-0.011648,-0.009125,-0.004569,-0.024703,0.944543,  17.903,     4.0
   475.0,-0.011714,-0.009185,-0.004531,-0.024553,0.941379,  17.902,     4.0
   476.0,-0.011848,-0.009239,-0.004662,-0.024474,0.938902,  17.903,     4.0
   477.0,-0.011929,-0.009305,-0.004849,-0.024617,0.938658,  17.895,     4.0
   478.0,-0.012011,-0.009354,-0.004697,-0.024672,0.939192,  17.896,     4.0
   479.0,-0.012102,-0.009420,-0.004771,-0.024386,0.941210,  17.892,     4.0
   480.0,-0.012191,-0.009486,-0.004845,-0.024561,0.938425,  17.889,     4.0
   481.0,-0.012259,-0.009535,-0.004752,-0.023996,0.939148,  17.890,     4.0
   482.0,-0.012327,-0.009591,-0.004885,-0.024465,0.940950,  17.894,     4.0
   483.0,-0.012427,-0.009635,-0.004905,-0.024298,0.943911,  17.889,     4.0
   484.0,-0.012488,-0.009696,-0.004811,-0.023923,0.944897,  17.889,     4.0
   485.0,-0.012563,-0.009728,-0.004886,-0.023858,0.938030,  17.888,     4.0
   486.0,-0.012626,-0.009779,-0.004961,-0.024121,0.938162,  17.886,     4.1
   487.0,-0.012717,-0.009840,-0.004981,-0.024681,0.940288,  17.885,     4.1
   488.0,-0.012793,-0.009896,-0.004887,-0.023888,0.936468,  17.878,     4.1
   489.0,-0.012871,-0.009952,-0.005017,-0.024048,0.937581,  17.885,     4.1
   490.0,-0.012948,-0.010003,-0.005037,-0.023911,0.938076,  17.883,     4.1
   491.0,-0.013031,-0.010048,-0.004998,-0.023967,0.939921,  17.888,     4.1
   492.0,-0.013125,-0.010110,-0.005299,-0.023693,0.942939,  17.879,     4.1
   493.0,-0.013195,-0.010161,-0.005204,-0.023732,0.943474,  17.884,     4.1
   494.0,-0.013257,-0.010195,-0.005395,-0.023788,0.940178,  17.882,     4.1
   495.0,-0.013327,-0.010246,-0.005416,-0.023546,0.941069,  17.881,     4.1
   496.0,-0.013422,-0.010297,-0.005266,-0.023480,0.943730,  17.884,     4.1
   497.0,-0.013484,-0.010349,-0.005458,-0.024011,0.943401,  17.882,     4.1
   498.0,-0.013563,-0.010383,-0.005359,-0.024068,0.942397,  17.883,     4.2
   499.0,-0.013665,-0.010406,-0.005496,-0.024035,0.939660,  17.880,     4.2
   500.0,-0.013720,-0.010458,-0.005401,-0.023986,0.939263,  17.881,     4.2
   501.0,-0.013792,-0.010492,-0.005474,-0.023815,0.937771,  17.882,     4.2
   502.0,-0.013842,-0.010538,-0.005555,-0.023660,0.936698,  17.885,     4.2
   503.0,-0.013913,-0.010585,-0.005632,-0.023473,0.939022,  17.883,     4.2
   504.0,-0.013970,-0.010643,-0.005537,-0.023756,0.940336,  17.889,     4.2
   505.0,-0.014073,-0.010683,-0.005671,-0.023601,0.941323,  17.888,     4.2
   506.0,-0.014122,-0.010701,-0.005865,-0.023730,0.943369,  17.891,     4.2
   507.0,-0.014194,-0.010724,-0.005882,-0.023892,0.943968,  17.897,     4.2
   508.0,-0.014252,-0.010771,-0.005726,-0.023614,0.944631,  17.896,     4.2
   509.0,-0.014316,-0.010830,-0.005631,-0.023899,0.945002,  17.900,     4.2
   510.0,-0.014381,-0.010865,-0.005765,-0.023727,0.940885,  17.905,     4.3
   511.0,-0.014447,-0.010883,-0.005844,-0.023890,0.938950,  17.902,     4.3
   512.0,-0.014488,-0.010930,-0.005804,-0.023930,0.938547,  17.899,     4.3
   513.0,-0.014553,-0.010948,-0.005940,-0.023864,0.938351,  17.902,     4.3
   514.0,-0.014619,-0.010995,-0.005839,-0.023527,0.938913,  17.902,     4.3
   515.0,-0.014683,-0.011013,-0.005918,-0.023567,0.941780,  17.891,     4.3
   516.0,-0.014740,-0.011084,-0.005993,-0.023697,0.941366,  17.894,     4.3
   517.0,-0.014798,-0.011126,-0.006010,-0.023787,0.939138,  17.891,     4.3
   518.0,-0.014871,-0.011144,-0.006208,-0.023614,0.941157,  17.891,     4.3
   519.0,-0.014928,-0.011186,-0.006226,-0.023901,0.942011,  17.894,     4.3
   520.0,-0.014994,-0.011228,-0.006130,-0.023851,0.937657,  17.889,     4.3
   521.0,-0.015045,-0.011252,-0.006205,-0.023801,0.936092,  17.887,     4.3
   522.0,-0.015087,-0.011301,-0.006161,-0.023718,0.936005,  17.889,     4.3
   523.0,-0.015153,-0.011343,-0.006298,-0.023791,0.936074,  17.882,     4.4
   524.0,-0.015211,-0.011361,-0.006374,-0.023741,0.939475,  17.889,     4.4
   525.0,-0.015284,-0.011386,-0.006397,-0.023798,0.938008,  17.880,     4.4
   526.0,-0.015365,-0.011446,-0.006472,-0.023856,0.941210,  17.886,     4.4
   527.0,-0.015394,-0.011471,-0.006429,-0.023590,0.943841,  17.888,     4.4
   528.0,-0.015452,-0.011496,-0.006452,-0.023522,0.943090,  17.888,     4.4
   529.0,-0.015502,-0.011526,-0.006470,-0.023256,0.940662,  17.888,     4.4
   530.0,-0.015562,-0.011569,-0.006484,-0.023006,0.941306,  17.887,     4.4
   531.0,-0.015604,-0.011570,-0.006387,-0.022972,0.939972,  17.889,     4.4
   532.0,-0.015646,-0.011625,-0.006348,-0.022596,0.936935,  17.887,     4.4
   533.0,-0.015698,-0.011656,-0.006540,-0.023194,0.934203,  17.893,     4.4
   534.0,-0.015756,-0.011687,-0.006558,-0.023125,0.935038,  17.883,     4.4
   535.0,-0.015798,-0.011718,-0.006577,-0.023416,0.939319,  17.886,     4.5
   536.0,-0.015840,-0.011743,-0.006654,-0.023257,0.939115,  17.888,     4.5
   537.0,-0.015908,-0.011768,-0.006673,-0.023097,0.938424,  17.889,     4.5
   538.0,-0.015958,-0.011805,-0.006871,-0.023280,0.939401,  17.885,     4.5
   539.0,-0.016000,-0.011842,-0.006647,-0.022794,0.938290,  17.892,     4.5
   540.0,-0.016068,-0.011867,-0.006666,-0.023177,0.941152,  17.884,     4.5
   541.0,-0.016117,-0.011899,-0.006564,-0.023126,0.938536,  17.887,     4.5
   542.0,-0.016151,-0.011930,-0.006758,-0.023074,0.934472,  17.890,     4.5
   543.0,-0.016196,-0.011968,-0.006655,-0.022931,0.937467,  17.892,     4.5
   544.0,-0.016237,-0.011993,-0.006913,-0.022896,0.937183,  17.892,     4.5
   545.0,-0.016263,-0.012018,-0.006747,-0.023391,0.940401,  17.890,     4.5
   546.0,-0.016291,-0.012038,-0.006947,-0.023230,0.939076,  17.890,     4.6
   547.0,-0.016356,-0.012063,-0.006961,-0.023086,0.941156,  17.892,     4.6
   548.0,-0.016406,-0.012083,-0.007035,-0.022925,0.939476,  17.889,     4.6
   549.0,-0.016442,-0.012090,-0.006990,-0.022982,0.937102,  17.894,     4.6
   550.0,-0.016507,-0.012121,-0.007069,-0.022838,0.936669,  17.888,     4.6
   551.0,-0.016525,-0.012147,-0.006961,-0.022694,0.936213,  17.892,     4.6
   552.0,-0.016569,-0.012185,-0.006916,-0.023393,0.934336,  17.893,     4.6
   553.0,-0.016595,-0.012198,-0.006995,-0.022699,0.931620,  17.890,     4.6
   554.0,-0.016637,-0.012236,-0.006886,-0.023046,0.934903,  17.889,     4.6
   555.0,-0.016673,-0.012256,-0.007024,-0.022976,0.937800,  17.894,     4.6
   556.0,-0.016682,-0.012275,-0.007039,-0.023034,0.937322,  17.894,     4.6
   557.0,-0.016732,-0.012314,-0.006930,-0.022999,0.935658,  17.896,     4.6
   558.0,-0.016789,-0.012327,-0.007132,-0.022947,0.934070,  17.894,     4.7
   559.0,-0.016810,-0.012359,-0.007083,-0.022895,0.935641,  17.893,     4.7
   560.0,-0.016851,-0.012385,-0.007038,-0.023208,0.936238,  17.893,     4.7
   561.0,-0.016900,-0.012411,-0.007177,-0.023377,0.934497,  17.896,     4.7
   562.0,-0.016953,-0.012424,-0.007068,-0.023436,0.934271,  17.897,     4.7
   563.0,-0.016978,-0.012444,-0.007142,-0.022958,0.938439,  17.893,     4.7
   564.0,-0.017011,-0.012477,-0.007098,-0.022848,0.940319,  17.903,     4.7
   565.0,-0.017063,-0.012471,-0.007172,-0.023016,0.938710,  17.904,     4.7
   566.0,-0.017088,-0.012504,-0.007247,-0.023075,0.936535,  17.905,     4.7
   567.0,-0.017121,-0.012530,-0.007262,-0.022596,0.940832,  17.907,     4.7
   568.0,-0.017147,-0.012562,-0.007212,-0.022894,0.942953,  17.914,     4.7
   569.0,-0.017198,-0.012563,-0.007227,-0.022876,0.938296,  17.910,     4.7
   570.0,-0.017214,-0.012596,-0.007302,-0.022935,0.937584,  17.917,     4.8
   571.0,-0.017248,-0.012603,-0.007252,-0.022788,0.934257,  17.913,     4.8
   572.0,-0.017282,-0.012610,-0.007267,-0.022882,0.935106,  17.917,     4.8
   573.0,-0.017306,-0.012637,-0.007527,-0.022847,0.938233,  17.920,     4.8
   574.0,-0.017356,-0.012669,-0.007292,-0.022794,0.938205,  17.916,     4.8
   575.0,-0.017390,-0.012695,-0.007367,-0.022870,0.935588,  17.921,     4.8
   576.0,-0.017398,-0.012734,-0.007382,-0.022518,0.935946,  17.918,     4.8
   577.0,-0.017456,-0.012729,-0.007393,-0.022260,0.934399,  17.917,     4.8
   578.0,-0.017482,-0.012736,-0.007528,-0.022447,0.940062,  17.916,     4.8
   579.0,-0.017490,-0.012775,-0.007478,-0.022634,0.942678,  17.911,     4.8
   580.0,-0.017523,-0.012795,-0.007428,-0.022376,0.943511,  17.913,     4.8
   581.0,-0.017549,-0.012815,-0.007564,-0.022023,0.945245,  17.915,     4.8
   582.0,-0.017581,-0.012847,-0.007514,-0.022546,0.941741,  17.913,     4.8
   583.0,-0.017622,-0.012849,-0.007524,-0.022640,0.937471,  17.911,     4.9
   584.0,-0.017639,-0.012862,-0.007535,-0.022845,0.936144,  17.916,     4.9
   585.0,-0.017656,-0.012870,-0.007550,-0.022363,0.937006,  17.914,     4.9
   586.0,-0.017712,-0.012877,-0.007434,-0.022439,0.939121,  17.911,     4.9
   587.0,-0.017720,-0.012916,-0.007631,-0.022403,0.935902,  17.913,     4.9
   588.0,-0.017745,-0.012930,-0.007641,-0.022497,0.936044,  17.909,     4.9
   589.0,-0.017769,-0.012944,-0.007652,-0.022556,0.938415,  17.909,     4.9
   590.0,-0.017801,-0.012970,-0.007536,-0.022892,0.936747,  17.911,     4.9
   591.0,-0.017825,-0.012971,-0.007673,-0.022727,0.934020,  17.909,     4.9
   592.0,-0.017841,-0.013010,-0.007496,-0.022839,0.931338,  17.905,     4.9
   593.0,-0.017905,-0.013018,-0.007628,-0.022691,0.932951,  17.905,     4.9
   594.0,-0.017897,-0.013031,-0.007633,-0.023028,0.935959,  17.903,     4.9
   595.0,-0.017936,-0.013071,-0.007522,-0.023235,0.937286,  17.897,     5.0
   596.0,-0.017959,-0.013078,-0.007654,-0.022768,0.936903,  17.903,     5.0
   597.0,-0.018000,-0.013111,-0.007725,-0.022844,0.939816,  17.897,     5.0
   598.0,-0.017998,-0.013112,-0.007548,-0.022809,0.940844,  17.900,     5.0
   599.0,-0.018029,-0.013132,-0.007619,-0.023034,0.941733,  17.898,     5.0
   600.0,-0.018053,-0.013133,-0.007751,-0.022755,0.943022,  17.891,     5.0
   601.0,-0.018067,-0.013146,-0.007635,-0.022737,0.939784,  17.894,     5.0
   602.0,-0.018073,-0.013166,-0.007640,-0.022625,0.940669,  17.890,     5.0
   603.0,-0.018105,-0.013193,-0.007711,-0.022625,0.939972,  17.896,     5.0
   604.0,-0.018152,-0.013206,-0.007655,-0.022702,0.935796,  17.892,     5.0
   605.0,-0.018149,-0.013233,-0.007915,-0.022571,0.934682,  17.895,     5.0
   606.0,-0.018172,-0.013240,-0.007859,-0.022891,0.936774,  17.896,     5.1
   607.0,-0.018186,-0.013260,-0.007676,-0.022553,0.938716,  17.889,     5.1
   608.0,-0.018208,-0.013280,-0.007809,-0.022440,0.936091,  17.894,     5.1
   609.0,-0.018230,-0.013294,-0.007753,-0.022517,0.933452,  17.888,     5.1
   610.0,-0.018236,-0.013301,-0.007697,-0.022273,0.933236,  17.886,     5.1
   611.0,-0.018291,-0.013321,-0.007830,-0.022594,0.930563,  17.888,     5.1
   612.0,-0.018296,-0.013347,-0.007896,-0.022125,0.931197,  17.892,     5.1
   613.0,-0.018326,-0.013374,-0.008029,-0.022219,0.934908,  17.889,     5.1
   614.0,-0.018356,-0.013394,-0.007974,-0.022784,0.939887,  17.888,     5.1
   615.0,-0.018386,-0.013420,-0.007912,-0.022332,0.940950,  17.887,     5.1
   616.0,-0.018391,-0.013427,-0.007984,-0.022314,0.940733,  17.889,     5.1
   617.0,-0.018420,-0.013422,-0.007862,-0.022183,0.935792,  17.891,     5.1
   618.0,-0.018416,-0.013429,-0.007928,-0.022843,0.934961,  17.892,     5.2
   619.0,-0.018446,-0.013430,-0.007806,-0.023087,0.936138,  17.894,     5.2
   620.0,-0.018483,-0.013456,-0.008062,-0.022825,0.936343,  17.898,     5.2
   621.0,-0.018520,-0.013463,-0.007939,-0.022807,0.936555,  17.894,     5.2
   622.0,-0.018541,-0.013483,-0.008067,-0.023129,0.934764,  17.889,     5.2
   623.0,-0.018544,-0.013490,-0.008067,-0.023129,0.933474,  17.890,     5.2
   624.0,-0.018564,-0.013535,-0.008072,-0.022921,0.931415,  17.886,     5.2
   625.0,-0.018576,-0.013529,-0.008139,-0.022921,0.936073,  17.893,     5.2
   626.0,-0.018595,-0.013536,-0.008078,-0.023016,0.938484,  17.898,     5.2
   627.0,-0.018640,-0.013530,-0.008078,-0.022921,0.935669,  17.895,     5.2
   628.0,-0.018625,-0.013576,-0.008272,-0.022772,0.936467,  17.891,     5.2
   629.0,-0.018637,-0.013602,-0.008211,-0.022658,0.936255,  17.900,     5.2
   630.0,-0.018664,-0.013609,-0.008144,-0.022676,0.937314,  17.896,     5.3
   631.0,-0.018683,-0.013622,-0.008150,-0.022694,0.936401,  17.898,     5.3
   632.0,-0.018737,-0.013629,-0.008211,-0.022581,0.934988,  17.894,     5.3
   633.0,-0.018747,-0.013667,-0.008211,-0.022527,0.935395,  17.898,     5.3
   634.0,-0.018757,-0.013681,-0.008150,-0.022772,0.935457,  17.896,     5.3
   635.0,-0.018784,-0.013694,-0.008027,-0.022998,0.935009,  17.896,     5.3
