Run Name,20220826_BSA_Cy3_NA
Run Date,10:49:01 AM   08-26-22
Method Name,0.5 ml / min 100 uL inject 4WL FRET
Export Format Version, 1.00
Method ID,  892
Points/Second, 1.00
Number of Records,    634
Offset from Run Start Time,00:00:00
Run End Time,00:10:36
Time,Second
QuadTec 1, (280.0 nm), AU
QuadTec 2, (260.0 nm), AU
Gradient Pump,<Not Selected>
QuadTec 3, (550.0 nm), AU
QuadTec 4, (650.0 nm), AU
UV,AU
Conductivity,mS/cm
GP Pressure,<Not Selected>
Volume,ml
Fraction,<Not Available>
Time,QuadTec 1,QuadTec 2,QuadTec 3,QuadTec 4,UV,Conductivity,Volume
     0.0,0.000000,0.000000,0.001289,-0.546485,0.000000,  15.369,     0.0
     1.0,0.000009,0.000018,0.000034,-0.546395,0.000000,  15.370,     0.0
     2.0,0.000009,0.000011,-0.000003,0.000325,0.000000,  15.371,     0.0
     3.0,0.000018,-0.000010,-0.000075,0.000542,0.000000,  15.374,     0.0
     4.0,0.000014,0.000004,0.000033,-0.000605,0.000000,  15.373,     0.0
     5.0,0.000014,0.000008,-0.000003,-0.000074,0.000000,  15.373,     0.0
     6.0,0.000031,0.000011,0.000034,0.000357,0.000000,  15.375,     0.1
     7.0,0.000036,0.000026,-0.000039,0.001048,0.000000,  15.377,     0.1
     8.0,0.000027,0.000015,-0.000075,0.001333,0.000000,  15.379,     0.1
     9.0,0.000031,0.000047,-0.000077,0.001746,0.000000,  15.378,     0.1
    10.0,0.000023,0.000033,-0.000075,0.001065,0.000000,  15.380,     0.1
    11.0,0.000018,0.000026,-0.000003,0.001303,0.000000,  15.378,     0.1
    12.0,0.000031,0.000011,-0.000077,0.001494,0.000000,  15.380,     0.1
    13.0,0.000023,0.000015,-0.000039,0.001303,0.000000,  15.381,     0.1
    14.0,0.000014,-0.000003,0.000069,0.001095,0.000000,  15.384,     0.1
    15.0,0.000018,0.000008,-0.000077,0.001578,0.000000,  15.383,     0.1
    16.0,0.000009,0.000004,-0.000003,0.001655,0.000000,  15.385,     0.1
    17.0,0.000009,0.000004,-0.000149,0.001709,0.000000,  15.382,     0.1
    18.0,0.000009,0.000008,-0.000039,0.001632,0.000000,  15.390,     0.2
    19.0,0.000014,0.000011,-0.000039,0.001119,0.000000,  15.385,     0.2
    20.0,0.000022,0.000001,-0.000113,0.001769,0.000000,  15.384,     0.2
    21.0,0.000018,-0.000003,-0.000075,0.001394,0.000000,  15.386,     0.2
    22.0,0.000009,0.000001,-0.000038,0.001578,0.000000,  15.388,     0.2
    23.0,0.000027,-0.000014,-0.000003,0.000985,0.000000,  15.391,     0.2
    24.0,0.000005,-0.000025,-0.000039,0.001444,0.000000,  15.380,     0.2
    25.0,0.000005,-0.000003,-0.000039,0.001448,0.000000,  15.389,     0.2
    26.0,0.000009,-0.000024,-0.000077,0.001578,0.000000,  15.394,     0.2
    27.0,-0.000005,-0.000032,-0.000039,0.001793,0.000000,  15.395,     0.2
    28.0,-0.000036,-0.000060,-0.000038,0.001877,0.000000,  15.392,     0.2
    29.0,-0.000022,-0.000054,-0.000002,0.001632,0.000000,  15.394,     0.2
    30.0,-0.000036,-0.000046,-0.000075,0.002007,0.000000,  15.398,     0.3
    31.0,-0.000027,-0.000046,-0.000075,0.001793,0.000000,  15.397,     0.3
    32.0,-0.000018,-0.000043,-0.000002,0.001525,0.000000,  15.388,     0.3
    33.0,-0.000045,-0.000061,-0.000147,0.000647,0.000000,  15.403,     0.3
    34.0,-0.000049,-0.000050,-0.000075,0.000939,0.000000,  15.407,     0.3
    35.0,-0.000054,-0.000054,-0.000075,0.001179,0.000000,  15.408,     0.3
    36.0,-0.000036,-0.000057,-0.000039,0.001364,0.000000,  15.412,     0.3
    37.0,-0.000040,-0.000061,-0.000003,0.001548,0.000000,  15.418,     0.3
    38.0,0.000103,0.000015,0.000105,0.000822,0.000000,  15.423,     0.3
    39.0,0.000117,0.000106,0.000069,0.001907,0.000000,  15.419,     0.3
    40.0,0.000049,0.000041,-0.000041,0.001662,0.000000,  15.422,     0.3
    41.0,-0.000022,-0.000014,-0.000039,0.001555,0.000000,  15.424,     0.3
    42.0,-0.000036,-0.000029,-0.000002,0.001317,0.000000,  15.425,     0.3
    43.0,-0.000058,-0.000072,-0.000111,0.000430,0.000000,  15.415,     0.4
    44.0,-0.000067,-0.000094,-0.000038,0.001223,0.000000,  15.429,     0.4
    45.0,-0.000054,-0.000083,-0.000002,0.001324,0.000000,  15.422,     0.4
    46.0,-0.000045,-0.000087,-0.000038,0.001562,0.000000,  15.432,     0.4
    47.0,-0.000045,-0.000061,-0.000002,0.001739,0.000000,  15.423,     0.4
    48.0,-0.000067,-0.000076,0.000108,0.002007,0.000000,  15.433,     0.4
    49.0,-0.000081,-0.000087,-0.000075,0.001739,0.000000,  15.430,     0.4
    50.0,-0.000072,-0.000094,-0.000075,0.001924,0.000000,  15.429,     0.4
    51.0,-0.000045,-0.000108,0.000107,0.001930,0.000000,  15.437,     0.4
    52.0,-0.000063,-0.000076,-0.000039,0.001448,0.000000,  15.441,     0.4
    53.0,-0.000072,-0.000086,-0.000002,0.001799,0.000000,  15.438,     0.4
    54.0,-0.000072,-0.000097,0.000108,0.001317,0.000000,  15.436,     0.4
    55.0,-0.000058,-0.000108,-0.000002,0.001471,0.000000,  15.437,     0.5
    56.0,-0.000072,-0.000087,-0.000039,0.001501,0.000000,  15.440,     0.5
    57.0,-0.000085,-0.000097,0.000034,0.001438,0.000000,  15.439,     0.5
    58.0,-0.000081,-0.000083,-0.000003,0.001160,0.000000,  15.443,     0.5
    59.0,-0.000067,-0.000086,0.000069,0.001615,0.000000,  15.438,     0.5
    60.0,-0.000054,-0.000065,-0.000114,0.001716,0.000000,  15.441,     0.5
    61.0,-0.000036,-0.000061,-0.000005,0.001364,0.000000,  15.439,     0.5
    62.0,-0.000031,-0.000068,-0.000005,0.001501,0.000000,  15.436,     0.5
    63.0,-0.000031,-0.000068,0.000105,0.001632,0.000000,  15.443,     0.5
    64.0,-0.000022,-0.000068,0.000141,0.001333,0.000000,  15.443,     0.5
    65.0,-0.000027,-0.000050,0.000105,0.001417,0.000000,  15.435,     0.5
    66.0,-0.000036,-0.000058,0.000107,0.001417,0.000000,  15.446,     0.6
    67.0,-0.000022,-0.000050,-0.000041,0.001454,0.000000,  15.450,     0.6
    68.0,-0.000009,-0.000036,0.000105,0.001079,0.000000,  15.444,     0.6
    69.0,-0.000013,-0.000039,0.000105,0.001317,0.000000,  15.443,     0.6
    70.0,-0.000027,-0.000028,0.000104,0.001347,0.000000,  15.449,     0.6
    71.0,-0.000018,-0.000035,0.000141,0.000722,0.000000,  15.445,     0.6
    72.0,-0.000027,-0.000046,0.000179,0.001652,0.000000,  15.439,     0.6
    73.0,-0.000027,-0.000046,0.000141,0.001615,0.000000,  15.447,     0.6
    74.0,-0.000018,-0.000035,0.000141,0.001555,0.000000,  15.446,     0.6
    75.0,-0.000013,-0.000039,0.000105,0.000971,0.000000,  15.450,     0.6
    76.0,0.000005,-0.000032,0.000067,0.001555,0.000000,  15.448,     0.6
    77.0,-0.000027,-0.000043,0.000141,0.001655,0.000000,  15.447,     0.6
    78.0,-0.000031,-0.000046,0.000067,0.001608,0.000000,  15.447,     0.6
    79.0,-0.000018,-0.000046,0.000252,0.001357,0.000000,  15.450,     0.7
    80.0,-0.000013,-0.000039,0.000069,0.001793,0.000000,  15.451,     0.7
    81.0,-0.000009,-0.000053,-0.000041,0.001930,0.000000,  15.445,     0.7
    82.0,-0.000027,-0.000068,0.000107,0.002252,0.000000,  15.446,     0.7
    83.0,-0.000027,-0.000064,-0.000041,0.001907,0.000000,  15.441,     0.7
    84.0,-0.000022,-0.000057,-0.000005,0.001853,0.000000,  15.452,     0.7
    85.0,-0.000036,-0.000053,0.000069,0.001877,0.000000,  15.452,     0.7
    86.0,-0.000040,-0.000057,0.000069,0.001907,0.000000,  15.455,     0.7
    87.0,-0.000040,-0.000061,-0.000041,0.001990,0.000000,  15.460,     0.7
    88.0,-0.000045,-0.000053,0.000069,0.002128,0.000000,  15.461,     0.7
    89.0,-0.000036,-0.000057,0.000071,0.001036,0.000000,  15.458,     0.7
    90.0,-0.000027,-0.000057,0.000105,0.001240,0.000000,  15.460,     0.8
    91.0,-0.000027,-0.000057,0.000143,0.001478,0.000000,  15.456,     0.8
    92.0,-0.000018,-0.000057,0.000143,0.001562,0.000000,  15.465,     0.8
    93.0,-0.000018,-0.000049,0.000071,0.001639,0.000000,  15.462,     0.8
    94.0,-0.000027,-0.000050,0.000071,0.001179,0.000000,  15.464,     0.8
    95.0,-0.000018,-0.000046,-0.000077,0.001562,0.000000,  15.464,     0.8
    96.0,-0.000036,-0.000042,0.000069,0.001806,0.000000,  15.468,     0.8
    97.0,-0.000027,-0.000046,0.000069,0.000568,0.000000,  15.471,     0.8
    98.0,-0.000027,-0.000046,-0.000041,0.001659,0.000000,  15.469,     0.8
    99.0,-0.000027,-0.000050,-0.000041,0.001699,0.000000,  15.473,     0.8
   100.0,-0.000040,-0.000053,-0.000005,0.001830,0.000000,  15.473,     0.8
   101.0,-0.000013,-0.000046,0.000252,0.002044,0.000000,  15.477,     0.8
   102.0,-0.000022,-0.000039,0.000141,0.001799,0.000000,  15.477,     0.8
   103.0,-0.000013,-0.000032,0.000141,0.001692,0.000000,  15.477,     0.9
   104.0,-0.000013,-0.000035,0.000177,0.001960,0.000000,  15.479,     0.9
   105.0,0.000005,-0.000035,0.000176,0.001190,0.000000,  15.483,     0.9
   106.0,0.000018,-0.000024,0.000357,0.001451,0.000000,  15.486,     0.9
   107.0,0.000050,-0.000020,0.000393,0.000906,0.000000,  15.489,     0.9
   108.0,0.000050,0.000005,0.000502,0.002050,0.000000,  15.485,     0.9
   109.0,0.000090,0.000031,0.000572,0.001913,0.000000,  15.485,     0.9
   110.0,0.000139,0.000064,0.000754,0.001157,0.000000,  15.480,     0.9
   111.0,0.000198,0.000079,0.000897,0.001866,0.000000,  15.484,     0.9
   112.0,0.000247,0.000108,0.001151,0.001990,0.000000,  15.491,     0.9
   113.0,0.000306,0.000155,0.001332,0.001548,0.000000,  15.485,     0.9
   114.0,0.000387,0.000184,0.001550,0.001924,0.000000,  15.486,     0.9
   115.0,0.000454,0.000203,0.001804,0.001930,0.000000,  15.491,     1.0
   116.0,0.000513,0.000240,0.002021,0.002352,0.000000,  15.490,     1.0
   117.0,0.000571,0.000276,0.002310,0.002329,0.000000,  15.492,     1.0
   118.0,0.000684,0.000327,0.002636,0.002459,0.000000,  15.487,     1.0
   119.0,0.000765,0.000382,0.002890,0.001977,0.000000,  15.490,     1.0
   120.0,0.000864,0.000444,0.003327,0.002590,0.000000,  15.492,     1.0
   121.0,0.000954,0.000517,0.003470,0.002292,0.000000,  15.489,     1.0
   122.0,0.001116,0.000586,0.004052,0.001887,0.000000,  15.491,     1.0
   123.0,0.001242,0.000659,0.004416,0.002447,0.000000,  15.493,     1.0
   124.0,0.001395,0.000754,0.004816,0.002369,0.000000,  15.494,     1.0
   125.0,0.001531,0.000823,0.005253,0.002614,0.000000,  15.498,     1.0
   126.0,0.001774,0.000937,0.006056,0.001796,0.000000,  15.498,     1.0
   127.0,0.001955,0.001055,0.006641,0.001598,0.000000,  15.499,     1.1
   128.0,0.002149,0.001154,0.007190,0.002624,0.000000,  15.495,     1.1
   129.0,0.002420,0.001282,0.008071,0.001622,0.000000,  15.503,     1.1
   130.0,0.002651,0.001410,0.008842,0.002494,0.000000,  15.502,     1.1
   131.0,0.002904,0.001560,0.009689,0.003261,0.000000,  15.501,     1.1
   132.0,0.003198,0.001710,0.010611,0.003255,0.000000,  15.507,     1.1
   133.0,0.003551,0.001883,0.011831,0.003409,0.000000,  15.505,     1.1
   134.0,0.003887,0.002081,0.012833,0.003510,0.000000,  15.510,     1.1
   135.0,0.004254,0.002283,0.014058,0.003933,0.000000,  15.505,     1.1
   136.0,0.004704,0.002488,0.015326,0.003927,0.000000,  15.513,     1.1
   137.0,0.005122,0.002753,0.016823,0.003790,0.000000,  15.512,     1.1
   138.0,0.005559,0.002988,0.018247,0.004349,0.000000,  15.512,     1.1
   139.0,0.006096,0.003259,0.019792,0.003832,0.000000,  15.514,     1.2
   140.0,0.006635,0.003524,0.021832,0.004148,0.000000,  15.515,     1.2
   141.0,0.007187,0.003889,0.023538,0.004600,0.000000,  15.519,     1.2
   142.0,0.007758,0.004177,0.025293,0.004701,0.000000,  15.522,     1.2
   143.0,0.008482,0.004498,0.027361,0.005041,0.000000,  15.521,     1.2
   144.0,0.009083,0.004908,0.029554,0.005327,0.000000,  15.523,     1.2
   145.0,0.009781,0.005265,0.031607,0.005298,0.000000,  15.522,     1.2
   146.0,0.010498,0.005642,0.033934,0.005536,0.000000,  15.525,     1.2
   147.0,0.011406,0.006045,0.036788,0.004558,0.000000,  15.522,     1.2
   148.0,0.012164,0.006551,0.039192,0.004504,0.000000,  15.532,     1.2
   149.0,0.012974,0.006987,0.041876,0.005143,0.000000,  15.529,     1.2
   150.0,0.014012,0.007412,0.045062,0.004899,0.000000,  15.529,     1.3
   151.0,0.014876,0.008010,0.047829,0.005185,0.000000,  15.527,     1.3
   152.0,0.015770,0.008467,0.050654,0.005491,0.000000,  15.529,     1.3
   153.0,0.016891,0.008960,0.053995,0.004899,0.000000,  15.528,     1.3
   154.0,0.017836,0.009501,0.057026,0.005579,0.000000,  15.529,     1.3
   155.0,0.018853,0.010156,0.060275,0.006609,0.000000,  15.529,     1.3
   156.0,0.019901,0.010681,0.063401,0.005879,0.000000,  15.529,     1.3
   157.0,0.021253,0.011305,0.067539,0.007145,0.000000,  15.529,     1.3
   158.0,0.022331,0.012033,0.070877,0.007750,0.000000,  15.523,     1.3
   159.0,0.023524,0.012649,0.074424,0.008067,0.000000,  15.529,     1.3
   160.0,0.025035,0.013301,0.078192,0.008141,0.000000,  15.533,     1.3
   161.0,0.026232,0.014036,0.082950,0.008376,0.000000,  15.534,     1.3
   162.0,0.027584,0.014823,0.086745,0.008450,0.000000,  15.531,     1.4
   163.0,0.029049,0.015576,0.091153,0.008821,0.000000,  15.535,     1.4
   164.0,0.030764,0.016371,0.096655,0.008866,0.000000,  15.533,     1.4
   165.0,0.032251,0.017330,0.100924,0.009237,0.000000,  15.537,     1.4
   166.0,0.033765,0.018150,0.105614,0.008829,0.000000,  15.539,     1.4
   167.0,0.035501,0.018977,0.110439,0.009958,0.000000,  15.537,     1.4
   168.0,0.037207,0.020005,0.115937,0.010322,0.000000,  15.531,     1.4
   169.0,0.038729,0.020811,0.120288,0.010072,0.000000,  15.541,     1.4
   170.0,0.040411,0.021634,0.124706,0.010493,0.000000,  15.543,     1.4
   171.0,0.042032,0.022433,0.129731,0.010865,0.000000,  15.545,     1.4
   172.0,0.043511,0.023399,0.134419,0.010862,0.000000,  15.543,     1.4
   173.0,0.044993,0.024179,0.138562,0.010694,0.000000,  15.543,     1.4
   174.0,0.046797,0.024990,0.142773,0.010959,0.000000,  15.543,     1.4
   175.0,0.048391,0.025826,0.148236,0.011088,0.000000,  15.542,     1.5
   176.0,0.050161,0.026970,0.153106,0.011592,0.000000,  15.545,     1.5
   177.0,0.052059,0.027949,0.158419,0.012106,0.000000,  15.548,     1.5
   178.0,0.054662,0.029055,0.165428,0.010790,0.000000,  15.539,     1.5
   179.0,0.057058,0.030378,0.172212,0.011026,0.000000,  15.540,     1.5
   180.0,0.059804,0.032086,0.179852,0.012232,0.000000,  15.550,     1.5
   181.0,0.062815,0.033637,0.188145,0.011687,0.000000,  15.549,     1.5
   182.0,0.066811,0.035414,0.199080,0.012652,0.000000,  15.553,     1.5
   183.0,0.070066,0.037550,0.208062,0.013205,0.000000,  15.551,     1.5
   184.0,0.073566,0.039355,0.217353,0.013473,0.000000,  15.544,     1.5
   185.0,0.077106,0.041165,0.226556,0.013180,0.000000,  15.551,     1.5
   186.0,0.080770,0.043043,0.236739,0.012678,0.000000,  15.547,     1.5
   187.0,0.083367,0.044655,0.243567,0.013603,0.000000,  15.551,     1.6
   188.0,0.085665,0.045868,0.249360,0.013920,0.000000,  15.552,     1.6
   189.0,0.087567,0.046803,0.254499,0.013999,0.000000,  15.556,     1.6
   190.0,0.088385,0.047448,0.256112,0.013997,0.000000,  15.549,     1.6
   191.0,0.088565,0.047587,0.256186,0.013808,0.000000,  15.547,     1.6
   192.0,0.088009,0.047392,0.254167,0.014104,0.000000,  15.549,     1.6
   193.0,0.086844,0.046883,0.250055,0.014504,0.000000,  15.543,     1.6
   194.0,0.085348,0.045976,0.245402,0.014157,0.000000,  15.551,     1.6
   195.0,0.083721,0.045117,0.240234,0.014318,0.000000,  15.560,     1.6
   196.0,0.081843,0.044259,0.234372,0.013678,0.000000,  15.559,     1.6
   197.0,0.080696,0.043575,0.229773,0.014264,0.000000,  15.560,     1.6
   198.0,0.080324,0.043202,0.227467,0.013415,0.000000,  15.563,     1.6
   199.0,0.081012,0.043513,0.227541,0.012833,0.000000,  15.557,     1.7
   200.0,0.083802,0.044525,0.232373,0.013682,0.000000,  15.563,     1.7
   201.0,0.087994,0.047034,0.240934,0.013131,0.000000,  15.568,     1.7
   202.0,0.094297,0.050234,0.254184,0.013787,0.000000,  15.564,     1.7
   203.0,0.104947,0.054625,0.272421,0.014397,0.000000,  15.567,     1.7
   204.0,0.115843,0.060572,0.300994,0.014797,0.000000,  15.568,     1.7
   205.0,0.129021,0.068659,0.328273,0.015225,0.000000,  15.566,     1.7
   206.0,0.144042,0.076469,0.359868,0.014904,0.000000,  15.571,     1.7
   207.0,0.164578,0.085734,0.402409,0.013729,0.000000,  15.567,     1.7
   208.0,0.181191,0.096697,0.436678,0.013090,0.000000,  15.570,     1.7
   209.0,0.198513,0.105767,0.471638,0.014528,0.000000,  15.570,     1.7
   210.0,0.215671,0.114709,0.504332,0.014528,0.000000,  15.568,     1.8
   211.0,0.232829,0.123528,0.539740,0.014211,0.000000,  15.567,     1.8
   212.0,0.244438,0.130801,0.561773,0.013894,0.000000,  15.569,     1.8
   213.0,0.253768,0.135844,0.578455,0.013843,0.000000,  15.565,     1.8
   214.0,0.260004,0.139081,0.588957,0.014451,0.000000,  15.567,     1.8
   215.0,0.260970,0.140406,0.588604,0.013497,0.000000,  15.570,     1.8
   216.0,0.258306,0.139407,0.581268,0.013836,0.000000,  15.569,     1.8
   217.0,0.251187,0.136602,0.565601,0.014900,0.000000,  15.573,     1.8
   218.0,0.242122,0.131212,0.541013,0.014742,0.000000,  15.573,     1.8
   219.0,0.230935,0.125461,0.515480,0.015639,0.000000,  15.572,     1.8
   220.0,0.216471,0.118812,0.484421,0.016410,0.000000,  15.572,     1.8
   221.0,0.201023,0.111473,0.446716,0.016355,0.000000,  15.575,     1.8
   222.0,0.186212,0.101914,0.414013,0.016943,0.000000,  15.578,     1.9
   223.0,0.171451,0.094290,0.381007,0.016757,0.000000,  15.570,     1.9
   224.0,0.154069,0.086554,0.344935,0.015981,0.000000,  15.572,     1.9
   225.0,0.140289,0.079016,0.311788,0.015957,0.000000,  15.577,     1.9
   226.0,0.127363,0.070302,0.283414,0.015083,0.000000,  15.575,     1.9
   227.0,0.113274,0.064129,0.257031,0.015827,0.000000,  15.574,     1.9
   228.0,0.102640,0.058231,0.228844,0.015988,0.000000,  15.579,     1.9
   229.0,0.092756,0.051502,0.207175,0.015426,0.000000,  15.579,     1.9
   230.0,0.083632,0.046690,0.187219,0.014867,0.000000,  15.575,     1.9
   231.0,0.073593,0.042093,0.169169,0.014500,0.000000,  15.580,     1.9
   232.0,0.066617,0.037854,0.149510,0.012921,0.000000,  15.582,     1.9
   233.0,0.060081,0.033520,0.135870,0.013039,0.000000,  15.578,     1.9
   234.0,0.054195,0.030343,0.122933,0.012647,0.000000,  15.583,     1.9
   235.0,0.047716,0.027400,0.111397,0.012661,0.000000,  15.577,     2.0
   236.0,0.043420,0.024571,0.099228,0.012213,0.000000,  15.580,     2.0
   237.0,0.039415,0.022118,0.090680,0.011737,0.000000,  15.585,     2.0
   238.0,0.035627,0.020097,0.082789,0.011133,0.000000,  15.586,     2.0
   239.0,0.031742,0.018228,0.074027,0.010261,0.000000,  15.587,     2.0
   240.0,0.028971,0.016286,0.067928,0.010326,0.000000,  15.589,     2.0
   241.0,0.026380,0.014858,0.062475,0.009933,0.000000,  15.591,     2.0
   242.0,0.023803,0.013548,0.057223,0.009332,0.000000,  15.584,     2.0
   243.0,0.021522,0.012153,0.051756,0.009047,0.000000,  15.579,     2.0
   244.0,0.019698,0.011126,0.047910,0.007671,0.000000,  15.586,     2.0
   245.0,0.017919,0.010210,0.044230,0.007929,0.000000,  15.581,     2.0
   246.0,0.016325,0.009377,0.040608,0.007880,0.000000,  15.583,     2.0
   247.0,0.014988,0.008443,0.037258,0.006717,0.000000,  15.579,     2.1
   248.0,0.013766,0.007776,0.034406,0.006833,0.000000,  15.578,     2.1
   249.0,0.012460,0.007170,0.031607,0.007096,0.000000,  15.577,     2.1
   250.0,0.011494,0.006617,0.029133,0.006561,0.000000,  15.574,     2.1
   251.0,0.010600,0.005969,0.026983,0.006858,0.000000,  15.575,     2.1
   252.0,0.009767,0.005515,0.025105,0.006245,0.000000,  15.576,     2.1
   253.0,0.008895,0.005119,0.023122,0.006177,0.000000,  15.577,     2.1
   254.0,0.008276,0.004742,0.021531,0.006367,0.000000,  15.580,     2.1
   255.0,0.007686,0.004354,0.020130,0.006104,0.000000,  15.579,     2.1
   256.0,0.007151,0.004070,0.018737,0.006809,0.000000,  15.578,     2.1
   257.0,0.006589,0.003791,0.017271,0.005458,0.000000,  15.582,     2.1
   258.0,0.006192,0.003526,0.016260,0.005876,0.000000,  15.573,     2.2
   259.0,0.005823,0.003327,0.015104,0.006474,0.000000,  15.577,     2.2
   260.0,0.005413,0.003150,0.014133,0.006245,0.000000,  15.581,     2.2
   261.0,0.005122,0.002992,0.013315,0.005809,0.000000,  15.576,     2.2
   262.0,0.004836,0.002830,0.012425,0.006144,0.000000,  15.577,     2.2
   263.0,0.004559,0.002683,0.011757,0.005930,0.000000,  15.587,     2.2
   264.0,0.004259,0.002547,0.010980,0.005078,0.000000,  15.588,     2.2
   265.0,0.004014,0.002375,0.010279,0.005226,0.000000,  15.594,     2.2
   266.0,0.003783,0.002257,0.009726,0.004993,0.000000,  15.595,     2.2
   267.0,0.003543,0.002122,0.009100,0.004838,0.000000,  15.601,     2.2
   268.0,0.003343,0.001968,0.008658,0.004630,0.000000,  15.605,     2.2
   269.0,0.003149,0.001872,0.008181,0.003695,0.000000,  15.604,     2.2
   270.0,0.002963,0.001777,0.007630,0.003998,0.000000,  15.608,     2.3
   271.0,0.002768,0.001671,0.007374,0.004040,0.000000,  15.609,     2.3
   272.0,0.002601,0.001561,0.006861,0.004123,0.000000,  15.607,     2.3
   273.0,0.002465,0.001476,0.006495,0.003017,0.000000,  15.603,     2.3
   274.0,0.002325,0.001381,0.006239,0.003451,0.000000,  15.606,     2.3
   275.0,0.002194,0.001294,0.005874,0.002519,0.000000,  15.610,     2.3
   276.0,0.002072,0.001213,0.005582,0.003546,0.000000,  15.600,     2.3
   277.0,0.001960,0.001143,0.005363,0.004326,0.000000,  15.615,     2.3
   278.0,0.001784,0.001052,0.005034,0.004993,0.000000,  15.613,     2.3
   279.0,0.001635,0.000913,0.004632,0.005541,0.000000,  15.617,     2.3
   280.0,0.001459,0.000766,0.004451,0.005493,0.000000,  15.613,     2.3
   281.0,0.001170,0.000547,0.004087,0.008089,0.000000,  15.617,     2.3
   282.0,0.000778,0.000207,0.003577,0.008928,0.000000,  15.617,     2.3
   283.0,0.000198,-0.000414,0.003179,0.010001,0.000000,  15.620,     2.4
   284.0,-0.000674,-0.001237,0.002344,0.010583,0.000000,  15.615,     2.4
   285.0,-0.002295,-0.002463,0.000971,0.010486,0.000000,  15.620,     2.4
   286.0,-0.004102,-0.004343,-0.000651,0.009121,0.000000,  15.622,     2.4
   287.0,-0.006397,-0.006686,-0.002807,0.007145,0.000000,  15.620,     2.4
   288.0,-0.009166,-0.009085,-0.005197,0.004183,0.000000,  15.621,     2.4
   289.0,-0.012397,-0.011527,-0.008318,-0.000046,0.000000,  15.621,     2.4
   290.0,-0.014897,-0.014274,-0.010719,-0.003438,0.000000,  15.618,     2.4
   291.0,-0.016825,-0.015953,-0.012578,-0.006483,0.000000,  15.620,     2.4
   292.0,-0.017909,-0.016872,-0.013631,-0.008710,0.000000,  15.615,     2.4
   293.0,-0.017775,-0.016742,-0.013519,-0.009300,0.000000,  15.614,     2.4
   294.0,-0.016566,-0.015626,-0.012435,-0.008783,0.000000,  15.611,     2.5
   295.0,-0.013940,-0.013553,-0.010508,-0.006162,0.000000,  15.615,     2.5
   296.0,-0.010391,-0.010620,-0.007330,-0.001433,0.000000,  15.601,     2.5
   297.0,-0.006774,-0.006352,-0.003806,0.002965,0.000000,  15.603,     2.5
   298.0,-0.003309,-0.002981,-0.001013,0.006892,0.000000,  15.601,     2.5
   299.0,0.000301,0.000153,0.001838,0.009154,0.000000,  15.592,     2.5
   300.0,0.002986,0.003633,0.004088,0.012373,0.000000,  15.585,     2.5
   301.0,0.005396,0.006107,0.005837,0.014637,0.000000,  15.581,     2.5
   302.0,0.008029,0.008432,0.007557,0.016783,0.000000,  15.574,     2.5
   303.0,0.010035,0.010607,0.009284,0.018697,0.000000,  15.564,     2.5
   304.0,0.011707,0.012881,0.010390,0.020166,0.000000,  15.555,     2.5
   305.0,0.012910,0.014120,0.011276,0.021050,0.000000,  15.544,     2.5
   306.0,0.013637,0.014844,0.011609,0.021909,0.000000,  15.537,     2.5
   307.0,0.013716,0.015021,0.011720,0.022552,0.000000,  15.518,     2.6
   308.0,0.013433,0.014730,0.011461,0.022445,0.000000,  15.522,     2.6
   309.0,0.012840,0.014098,0.010833,0.022524,0.000000,  15.514,     2.6
   310.0,0.011768,0.013111,0.010168,0.021933,0.000000,  15.511,     2.6
   311.0,0.010905,0.011939,0.009431,0.021263,0.000000,  15.508,     2.6
   312.0,0.009975,0.010952,0.008585,0.020433,0.000000,  15.511,     2.6
   313.0,0.008987,0.009933,0.007960,0.019791,0.000000,  15.505,     2.6
   314.0,0.007878,0.008777,0.007007,0.019017,0.000000,  15.508,     2.6
   315.0,0.007055,0.007732,0.006421,0.018511,0.000000,  15.512,     2.6
   316.0,0.006275,0.006899,0.005836,0.017711,0.000000,  15.519,     2.6
   317.0,0.005496,0.006147,0.005361,0.016434,0.000000,  15.519,     2.6
   318.0,0.004904,0.005334,0.004852,0.016199,0.000000,  15.523,     2.7
   319.0,0.004382,0.004732,0.004414,0.015905,0.000000,  15.528,     2.7
   320.0,0.003901,0.004241,0.004050,0.015615,0.000000,  15.529,     2.7
   321.0,0.003502,0.003817,0.003760,0.014815,0.000000,  15.518,     2.7
   322.0,0.003198,0.003353,0.003542,0.013845,0.000000,  15.505,     2.7
   323.0,0.002900,0.003044,0.003105,0.014108,0.000000,  15.485,     2.7
   324.0,0.002606,0.002746,0.002996,0.013307,0.000000,  15.454,     2.7
   325.0,0.002407,0.002493,0.002925,0.013417,0.000000,  15.413,     2.7
   326.0,0.002231,0.002236,0.002743,0.013210,0.000000,  15.356,     2.7
   327.0,0.002014,0.002031,0.002598,0.013004,0.000000,  15.291,     2.7
   328.0,0.001883,0.001891,0.002453,0.011221,0.000000,  15.218,     2.7
   329.0,0.001775,0.001704,0.002307,0.011611,0.000000,  15.135,     2.7
   330.0,0.001689,0.001594,0.002308,0.011429,0.000000,  15.057,     2.8
   331.0,0.001585,0.001495,0.002199,0.010715,0.000000,  14.987,     2.8
   332.0,0.001481,0.001389,0.002163,0.010186,0.000000,  14.923,     2.8
   333.0,0.001423,0.001301,0.002127,0.010062,0.000000,  14.875,     2.8
   334.0,0.001360,0.001224,0.002017,0.008899,0.000000,  14.837,     2.8
   335.0,0.001292,0.001173,0.002054,0.008780,0.000000,  14.824,     2.8
   336.0,0.001256,0.001111,0.002128,0.008994,0.000000,  14.820,     2.8
   337.0,0.001220,0.001067,0.002054,0.008656,0.000000,  14.839,     2.8
   338.0,0.001170,0.001030,0.002164,0.008237,0.000000,  14.877,     2.8
   339.0,0.001139,0.000997,0.002200,0.008081,0.000000,  14.924,     2.8
   340.0,0.001112,0.000949,0.002163,0.007554,0.000000,  14.979,     2.8
   341.0,0.001080,0.000931,0.002309,0.007427,0.000000,  15.059,     2.8
   342.0,0.001058,0.000916,0.002271,0.006955,0.000000,  15.139,     2.8
   343.0,0.001040,0.000887,0.002489,0.006585,0.000000,  15.209,     2.9
   344.0,0.001026,0.000862,0.002634,0.006507,0.000000,  15.295,     2.9
   345.0,0.001035,0.000843,0.002743,0.006142,0.000000,  15.373,     2.9
   346.0,0.000995,0.000832,0.002962,0.006206,0.000000,  15.446,     2.9
   347.0,0.000995,0.000796,0.002997,0.005023,0.000000,  15.511,     2.9
   348.0,0.000968,0.000778,0.003106,0.005078,0.000000,  15.573,     2.9
   349.0,0.000963,0.000764,0.003252,0.005774,0.000000,  15.617,     2.9
   350.0,0.000923,0.000752,0.003361,0.004510,0.000000,  15.660,     2.9
   351.0,0.000923,0.000755,0.003396,0.005148,0.000000,  15.693,     2.9
   352.0,0.000909,0.000734,0.003470,0.004451,0.000000,  15.713,     2.9
   353.0,0.000914,0.000723,0.003506,0.004731,0.000000,  15.732,     2.9
   354.0,0.000891,0.000723,0.003323,0.004677,0.000000,  15.750,     3.0
   355.0,0.000887,0.000712,0.003433,0.004463,0.000000,  15.741,     3.0
   356.0,0.000873,0.000704,0.003359,0.004469,0.000000,  15.748,     3.0
   357.0,0.000837,0.000686,0.003434,0.003582,0.000000,  15.748,     3.0
   358.0,0.000797,0.000686,0.003361,0.004165,0.000000,  15.742,     3.0
   359.0,0.000774,0.000661,0.003251,0.004456,0.000000,  15.732,     3.0
   360.0,0.000751,0.000631,0.003069,0.004106,0.000000,  15.722,     3.0
   361.0,0.000733,0.000631,0.003069,0.003969,0.000000,  15.708,     3.0
   362.0,0.000706,0.000624,0.002961,0.003945,0.000000,  15.708,     3.0
   363.0,0.000684,0.000602,0.002925,0.003921,0.000000,  15.697,     3.0
   364.0,0.000652,0.000580,0.002817,0.003552,0.000000,  15.691,     3.0
   365.0,0.000634,0.000584,0.002707,0.003933,0.000000,  15.685,     3.0
   366.0,0.000616,0.000562,0.002708,0.004123,0.000000,  15.684,     3.0
   367.0,0.000571,0.000534,0.002562,0.004260,0.000000,  15.675,     3.1
   368.0,0.000567,0.000533,0.002563,0.003618,0.000000,  15.671,     3.1
   369.0,0.000558,0.000507,0.002527,0.003618,0.000000,  15.670,     3.1
   370.0,0.000549,0.000518,0.002379,0.003380,0.000000,  15.670,     3.1
   371.0,0.000535,0.000511,0.002380,0.003409,0.000000,  15.670,     3.1
   372.0,0.000522,0.000493,0.002528,0.003302,0.000000,  15.670,     3.1
   373.0,0.000531,0.000478,0.002379,0.003386,0.000000,  15.668,     3.1
   374.0,0.000517,0.000478,0.002489,0.003493,0.000000,  15.674,     3.1
   375.0,0.000508,0.000449,0.002598,0.003630,0.000000,  15.675,     3.1
   376.0,0.000495,0.000430,0.002634,0.003124,0.000000,  15.670,     3.1
   377.0,0.000495,0.000412,0.002817,0.002963,0.000000,  15.673,     3.1
   378.0,0.000486,0.000416,0.002779,0.003321,0.000000,  15.682,     3.2
   379.0,0.000477,0.000397,0.003072,0.003338,0.000000,  15.681,     3.2
   380.0,0.000486,0.000376,0.003107,0.002886,0.000000,  15.686,     3.2
   381.0,0.000504,0.000383,0.003142,0.003214,0.000000,  15.677,     3.2
   382.0,0.000513,0.000379,0.003324,0.003065,0.000000,  15.689,     3.2
   383.0,0.000504,0.000365,0.003433,0.002519,0.000000,  15.689,     3.2
   384.0,0.000522,0.000369,0.003468,0.002958,0.000000,  15.691,     3.2
   385.0,0.000508,0.000361,0.003651,0.003273,0.000000,  15.691,     3.2
   386.0,0.000526,0.000353,0.003795,0.003166,0.000000,  15.689,     3.2
   387.0,0.000522,0.000339,0.003940,0.003333,0.000000,  15.692,     3.2
   388.0,0.000549,0.000346,0.004123,0.003065,0.000000,  15.701,     3.2
   389.0,0.000562,0.000346,0.004232,0.003119,0.000000,  15.699,     3.2
   390.0,0.000576,0.000350,0.004487,0.002070,0.000000,  15.704,     3.3
   391.0,0.000594,0.000347,0.004706,0.002894,0.000000,  15.705,     3.3
   392.0,0.000621,0.000343,0.004851,0.002378,0.000000,  15.705,     3.3
   393.0,0.000634,0.000350,0.005216,0.002342,0.000000,  15.708,     3.3
   394.0,0.000670,0.000380,0.005545,0.002911,0.000000,  15.709,     3.3
   395.0,0.000711,0.000391,0.005763,0.003202,0.000000,  15.711,     3.3
   396.0,0.000751,0.000419,0.006349,0.003202,0.000000,  15.704,     3.3
   397.0,0.000801,0.000456,0.006824,0.003256,0.000000,  15.713,     3.3
   398.0,0.000837,0.000475,0.007373,0.002941,0.000000,  15.710,     3.3
   399.0,0.000936,0.000529,0.008144,0.002477,0.000000,  15.715,     3.3
   400.0,0.001044,0.000573,0.009173,0.002774,0.000000,  15.723,     3.3
   401.0,0.001184,0.000668,0.010279,0.002851,0.000000,  15.719,     3.3
   402.0,0.001337,0.000763,0.011868,0.002828,0.000000,  15.722,     3.3
   403.0,0.001617,0.000870,0.014096,0.003095,0.000000,  15.723,     3.4
   404.0,0.001852,0.001060,0.016412,0.003309,0.000000,  15.724,     3.4
   405.0,0.002190,0.001254,0.019604,0.003172,0.000000,  15.725,     3.4
   406.0,0.002679,0.001506,0.023352,0.003149,0.000000,  15.717,     3.4
   407.0,0.003194,0.001800,0.029017,0.003024,0.000000,  15.721,     3.4
   408.0,0.003815,0.002233,0.034484,0.002372,0.000000,  15.725,     3.4
   409.0,0.004532,0.002673,0.041010,0.002781,0.000000,  15.726,     3.4
   410.0,0.005551,0.003148,0.050209,0.003196,0.000000,  15.728,     3.4
   411.0,0.006444,0.003742,0.058169,0.003083,0.000000,  15.724,     3.4
   412.0,0.007385,0.004371,0.066750,0.003214,0.000000,  15.723,     3.4
   413.0,0.008630,0.004976,0.075752,0.003606,0.000000,  15.728,     3.4
   414.0,0.009649,0.005660,0.087318,0.002774,0.000000,  15.728,     3.5
   415.0,0.010675,0.006349,0.095906,0.003089,0.000000,  15.733,     3.5
   416.0,0.011662,0.006924,0.104559,0.003469,0.000000,  15.724,     3.5
   417.0,0.012707,0.007469,0.114099,0.003373,0.000000,  15.733,     3.5
   418.0,0.013444,0.008067,0.120522,0.003647,0.000000,  15.734,     3.5
   419.0,0.014116,0.008458,0.126245,0.003802,0.000000,  15.735,     3.5
   420.0,0.014674,0.008771,0.130775,0.003219,0.000000,  15.736,     3.5
   421.0,0.015047,0.009024,0.134468,0.002646,0.000000,  15.736,     3.5
   422.0,0.015288,0.009212,0.136289,0.003088,0.000000,  15.732,     3.5
   423.0,0.015386,0.009268,0.137079,0.002429,0.000000,  15.735,     3.5
   424.0,0.015344,0.009247,0.136512,0.003636,0.000000,  15.729,     3.5
   425.0,0.015181,0.009163,0.135082,0.002894,0.000000,  15.737,     3.5
   426.0,0.014926,0.009029,0.132630,0.003903,0.000000,  15.741,     3.5
   427.0,0.014534,0.008846,0.129267,0.003814,0.000000,  15.734,     3.6
   428.0,0.014145,0.008616,0.125379,0.002609,0.000000,  15.738,     3.6
   429.0,0.013694,0.008292,0.121283,0.003582,0.000000,  15.741,     3.6
   430.0,0.013208,0.008005,0.116995,0.004034,0.000000,  15.739,     3.6
   431.0,0.012559,0.007689,0.111443,0.003689,0.000000,  15.737,     3.6
   432.0,0.012014,0.007306,0.106553,0.003689,0.000000,  15.737,     3.6
   433.0,0.011465,0.006979,0.101652,0.003636,0.000000,  15.741,     3.6
   434.0,0.010934,0.006656,0.096598,0.003582,0.000000,  15.743,     3.6
   435.0,0.010247,0.006315,0.090591,0.003552,0.000000,  15.741,     3.6
   436.0,0.009746,0.005934,0.085954,0.003428,0.000000,  15.730,     3.6
   437.0,0.009236,0.005646,0.081249,0.003350,0.000000,  15.747,     3.6
   438.0,0.008621,0.005361,0.076083,0.001809,0.000000,  15.742,     3.7
   439.0,0.008168,0.005036,0.071919,0.002301,0.000000,  15.744,     3.7
   440.0,0.007714,0.004744,0.067865,0.003125,0.000000,  15.742,     3.7
   441.0,0.007289,0.004504,0.064152,0.003012,0.000000,  15.742,     3.7
   442.0,0.006796,0.004245,0.059861,0.002609,0.000000,  15.745,     3.7
   443.0,0.006435,0.003995,0.056533,0.002519,0.000000,  15.746,     3.7
   444.0,0.006066,0.003789,0.053376,0.002935,0.000000,  15.739,     3.7
   445.0,0.005678,0.003597,0.050257,0.003172,0.000000,  15.737,     3.7
   446.0,0.005373,0.003394,0.047032,0.003155,0.000000,  15.736,     3.7
   447.0,0.005087,0.003214,0.044583,0.003155,0.000000,  15.751,     3.7
   448.0,0.004773,0.003056,0.042081,0.003155,0.000000,  15.744,     3.7
   449.0,0.004505,0.002912,0.039507,0.002184,0.000000,  15.744,     3.7
   450.0,0.004273,0.002726,0.037347,0.003060,0.000000,  15.749,     3.8
   451.0,0.004029,0.002589,0.035426,0.002947,0.000000,  15.742,     3.8
   452.0,0.003797,0.002468,0.033397,0.002436,0.000000,  15.747,     3.8
   453.0,0.003602,0.002350,0.031684,0.002781,0.000000,  15.750,     3.8
   454.0,0.003425,0.002214,0.030063,0.002269,0.000000,  15.753,     3.8
   455.0,0.003244,0.002087,0.028636,0.001796,0.000000,  15.751,     3.8
   456.0,0.003050,0.001995,0.027019,0.002171,0.000000,  15.748,     3.8
   457.0,0.002905,0.001889,0.025719,0.001358,0.000000,  15.750,     3.8
   458.0,0.002760,0.001801,0.024647,0.002151,0.000000,  15.753,     3.8
   459.0,0.002620,0.001720,0.023276,0.002222,0.000000,  15.753,     3.8
   460.0,0.002484,0.001653,0.022215,0.002168,0.000000,  15.751,     3.8
   461.0,0.002385,0.001565,0.021341,0.002543,0.000000,  15.751,     3.8
   462.0,0.002290,0.001496,0.020434,0.002466,0.000000,  15.746,     3.8
   463.0,0.002163,0.001426,0.019451,0.002733,0.000000,  15.759,     3.9
   464.0,0.002068,0.001360,0.018736,0.002596,0.000000,  15.750,     3.9
   465.0,0.001987,0.001287,0.017910,0.001288,0.000000,  15.751,     3.9
   466.0,0.001883,0.001207,0.017124,0.001843,0.000000,  15.756,     3.9
   467.0,0.001816,0.001159,0.016300,0.002472,0.000000,  15.758,     3.9
   468.0,0.001766,0.001119,0.015776,0.001907,0.000000,  15.755,     3.9
   469.0,0.001694,0.001057,0.015215,0.002573,0.000000,  15.758,     3.9
   470.0,0.001648,0.001024,0.014470,0.002091,0.000000,  15.756,     3.9
   471.0,0.001576,0.000976,0.014023,0.002114,0.000000,  15.756,     3.9
   472.0,0.001491,0.000939,0.013576,0.002382,0.000000,  15.758,     3.9
   473.0,0.001428,0.000885,0.013093,0.002305,0.000000,  15.761,     3.9
   474.0,0.001387,0.000855,0.012573,0.002014,0.000000,  15.760,     4.0
   475.0,0.001346,0.000801,0.012276,0.002526,0.000000,  15.761,     4.0
   476.0,0.001315,0.000786,0.011906,0.002151,0.000000,  15.757,     4.0
   477.0,0.001283,0.000778,0.011462,0.001883,0.000000,  15.761,     4.0
   478.0,0.001252,0.000775,0.011202,0.002114,0.000000,  15.767,     4.0
   479.0,0.001220,0.000732,0.010759,0.002114,0.000000,  15.764,     4.0
   480.0,0.001193,0.000713,0.010537,0.002917,0.000000,  15.767,     4.0
   481.0,0.001139,0.000680,0.010131,0.002710,0.000000,  15.763,     4.0
   482.0,0.001108,0.000651,0.009800,0.002496,0.000000,  15.773,     4.0
   483.0,0.001085,0.000618,0.009615,0.002603,0.000000,  15.767,     4.0
   484.0,0.001044,0.000610,0.009247,0.002496,0.000000,  15.770,     4.0
   485.0,0.001013,0.000585,0.009063,0.002265,0.000000,  15.767,     4.0
   486.0,0.000999,0.000577,0.008805,0.001803,0.000000,  15.769,     4.1
   487.0,0.000977,0.000548,0.008474,0.001920,0.000000,  15.770,     4.1
   488.0,0.000950,0.000548,0.008254,0.002876,0.000000,  15.770,     4.1
   489.0,0.000932,0.000526,0.007997,0.002740,0.000000,  15.768,     4.1
   490.0,0.000927,0.000519,0.007740,0.002686,0.000000,  15.769,     4.1
   491.0,0.000878,0.000497,0.007740,0.002466,0.000000,  15.766,     4.1
   492.0,0.000860,0.000489,0.007447,0.002067,0.000000,  15.770,     4.1
   493.0,0.000846,0.000471,0.007227,0.002252,0.000000,  15.770,     4.1
   494.0,0.000833,0.000467,0.007080,0.002382,0.000000,  15.760,     4.1
   495.0,0.000806,0.000467,0.006824,0.001719,0.000000,  15.766,     4.1
   496.0,0.000819,0.000438,0.006678,0.000934,0.000000,  15.765,     4.1
   497.0,0.000801,0.000424,0.006458,0.001712,0.000000,  15.760,     4.1
   498.0,0.000779,0.000423,0.006312,0.002044,0.000000,  15.762,     4.2
   499.0,0.000756,0.000416,0.006092,0.001990,0.000000,  15.761,     4.2
   500.0,0.000707,0.000384,0.005946,0.002198,0.000000,  15.764,     4.2
   501.0,0.000671,0.000369,0.005726,0.002175,0.000000,  15.764,     4.2
   502.0,0.000648,0.000333,0.005617,0.002114,0.000000,  15.766,     4.2
   503.0,0.000630,0.000318,0.005399,0.001197,0.000000,  15.758,     4.2
   504.0,0.000599,0.000303,0.005215,0.001491,0.000000,  15.762,     4.2
   505.0,0.000567,0.000303,0.005216,0.001699,0.000000,  15.768,     4.2
   506.0,0.000540,0.000267,0.005034,0.000950,0.000000,  15.767,     4.2
   507.0,0.000522,0.000248,0.004851,0.002194,0.000000,  15.770,     4.2
   508.0,0.000491,0.000205,0.004779,0.002502,0.000000,  15.767,     4.2
   509.0,0.000464,0.000212,0.004559,0.002609,0.000000,  15.768,     4.2
   510.0,0.000437,0.000201,0.004487,0.001676,0.000000,  15.771,     4.3
   511.0,0.000419,0.000190,0.004341,0.001943,0.000000,  15.771,     4.3
   512.0,0.000423,0.000168,0.004194,0.002151,0.000000,  15.771,     4.3
   513.0,0.000410,0.000175,0.004232,0.001441,0.000000,  15.774,     4.3
   514.0,0.000401,0.000172,0.004122,0.002205,0.000000,  15.774,     4.3
   515.0,0.000383,0.000157,0.004050,0.002282,0.000000,  15.773,     4.3
   516.0,0.000351,0.000143,0.004014,0.001258,0.000000,  15.773,     4.3
   517.0,0.000351,0.000128,0.003759,0.001388,0.000000,  15.782,     4.3
   518.0,0.000338,0.000128,0.003723,0.001940,0.000000,  15.780,     4.3
   519.0,0.000333,0.000121,0.003724,0.002164,0.000000,  15.778,     4.3
   520.0,0.000329,0.000121,0.003504,0.002509,0.000000,  15.785,     4.3
   521.0,0.000297,0.000128,0.003469,0.002479,0.000000,  15.783,     4.3
   522.0,0.000311,0.000117,0.003433,0.002235,0.000000,  15.778,     4.3
   523.0,0.000311,0.000113,0.003286,0.001997,0.000000,  15.786,     4.4
   524.0,0.000320,0.000114,0.003214,0.001134,0.000000,  15.783,     4.4
   525.0,0.000297,0.000092,0.003141,0.001796,0.000000,  15.778,     4.4
   526.0,0.000293,0.000110,0.003105,0.002020,0.000000,  15.778,     4.4
   527.0,0.000279,0.000106,0.003068,0.002044,0.000000,  15.775,     4.4
   528.0,0.000284,0.000117,0.003069,0.002050,0.000000,  15.780,     4.4
   529.0,0.000275,0.000085,0.002923,0.002128,0.000000,  15.769,     4.4
   530.0,0.000279,0.000088,0.002961,0.002121,0.000000,  15.782,     4.4
   531.0,0.000266,0.000099,0.002887,0.002449,0.000000,  15.782,     4.4
   532.0,0.000243,0.000095,0.002888,0.002265,0.000000,  15.780,     4.4
   533.0,0.000248,0.000080,0.002852,0.001488,0.000000,  15.782,     4.4
   534.0,0.000257,0.000095,0.002742,0.001880,0.000000,  15.783,     4.4
   535.0,0.000234,0.000084,0.002743,0.002265,0.000000,  15.784,     4.5
   536.0,0.000221,0.000073,0.002634,0.001334,0.000000,  15.784,     4.5
   537.0,0.000203,0.000070,0.002598,0.001696,0.000000,  15.786,     4.5
   538.0,0.000194,0.000052,0.002635,0.001234,0.000000,  15.790,     4.5
   539.0,0.000189,0.000048,0.002635,0.001950,0.000000,  15.790,     4.5
   540.0,0.000189,0.000044,0.002525,0.001034,0.000000,  15.790,     4.5
   541.0,0.000189,0.000044,0.002489,0.001505,0.000000,  15.776,     4.5
   542.0,0.000189,0.000033,0.002453,0.002104,0.000000,  15.786,     4.5
   543.0,0.000162,0.000019,0.002454,0.002211,0.000000,  15.788,     4.5
   544.0,0.000140,0.000015,0.002344,0.002074,0.000000,  15.788,     4.5
   545.0,0.000158,0.000011,0.002234,0.001090,0.000000,  15.787,     4.5
   546.0,0.000162,0.000026,0.002236,0.000636,0.000000,  15.790,     4.6
   547.0,0.000149,0.000018,0.002309,0.001809,0.000000,  15.786,     4.6
   548.0,0.000149,0.000018,0.002162,0.000680,0.000000,  15.784,     4.6
   549.0,0.000140,0.000015,0.002089,0.001716,0.000000,  15.790,     4.6
   550.0,0.000126,0.000015,0.002127,0.001873,0.000000,  15.788,     4.6
   551.0,0.000122,0.000018,0.002017,0.002241,0.000000,  15.783,     4.6
   552.0,0.000117,0.000015,0.002092,0.001806,0.000000,  15.789,     4.6
   553.0,0.000117,0.000014,0.002092,0.001883,0.000000,  15.792,     4.6
   554.0,0.000135,0.000004,0.001945,0.001990,0.000000,  15.791,     4.6
   555.0,0.000122,0.000004,0.002018,0.001967,0.000000,  15.790,     4.6
   556.0,0.000113,0.000000,0.001946,0.002288,0.000000,  15.792,     4.6
   557.0,0.000108,-0.000011,0.001836,0.002151,0.000000,  15.788,     4.6
   558.0,0.000113,0.000004,0.001800,0.002067,0.000000,  15.791,     4.7
   559.0,0.000108,0.000004,0.001800,0.000997,0.000000,  15.784,     4.7
   560.0,0.000113,0.000000,0.001911,0.000636,0.000000,  15.795,     4.7
   561.0,0.000117,0.000004,0.001801,0.001896,0.000000,  15.790,     4.7
   562.0,0.000126,0.000001,0.001727,0.002057,0.000000,  15.791,     4.7
   563.0,0.000122,0.000015,0.001765,0.002395,0.000000,  15.795,     4.7
   564.0,0.000122,0.000001,0.001655,0.002395,0.000000,  15.800,     4.7
   565.0,0.000117,0.000015,0.001618,0.002342,0.000000,  15.799,     4.7
   566.0,0.000108,0.000029,0.001619,0.002164,0.000000,  15.802,     4.7
   567.0,0.000108,0.000022,0.001619,0.001625,0.000000,  15.803,     4.7
   568.0,0.000099,0.000011,0.001692,0.002539,0.000000,  15.799,     4.7
   569.0,0.000090,0.000015,0.001584,0.002211,0.000000,  15.803,     4.7
   570.0,0.000081,0.000007,0.001548,0.002050,0.000000,  15.804,     4.8
   571.0,0.000090,0.000004,0.001585,0.001164,0.000000,  15.806,     4.8
   572.0,0.000081,0.000000,0.001512,0.001933,0.000000,  15.809,     4.8
   573.0,0.000090,0.000000,0.001512,0.002425,0.000000,  15.808,     4.8
   574.0,0.000095,-0.000011,0.001549,0.001271,0.000000,  15.803,     4.8
   575.0,0.000068,0.000000,0.001475,0.000673,0.000000,  15.806,     4.8
   576.0,0.000072,-0.000011,0.001366,0.001850,0.000000,  15.802,     4.8
   577.0,0.000072,-0.000018,0.001366,0.002378,0.000000,  15.800,     4.8
   578.0,0.000068,-0.000018,0.001330,0.002151,0.000000,  15.803,     4.8
   579.0,0.000072,-0.000025,0.001367,0.001960,0.000000,  15.805,     4.8
   580.0,0.000072,-0.000014,0.001367,0.002067,0.000000,  15.802,     4.8
   581.0,0.000068,0.000000,0.001331,0.002365,0.000000,  15.801,     4.8
   582.0,0.000059,-0.000011,0.001257,0.001830,0.000000,  15.800,     4.8
   583.0,0.000063,-0.000011,0.001257,0.001746,0.000000,  15.807,     4.9
   584.0,0.000059,-0.000011,0.001184,0.002265,0.000000,  15.805,     4.9
   585.0,0.000050,-0.000004,0.001185,0.002342,0.000000,  15.805,     4.9
   586.0,0.000054,-0.000007,0.001259,0.001860,0.000000,  15.808,     4.9
   587.0,0.000059,0.000000,0.001149,0.002074,0.000000,  15.805,     4.9
   588.0,0.000059,-0.000010,0.001222,0.002288,0.000000,  15.805,     4.9
   589.0,0.000050,0.000000,0.001332,0.001374,0.000000,  15.805,     4.9
   590.0,0.000045,0.000000,0.001222,0.001552,0.000000,  15.801,     4.9
   591.0,0.000054,0.000011,0.001260,0.002295,0.000000,  15.809,     4.9
   592.0,0.000063,0.000000,0.001260,0.002205,0.000000,  15.807,     4.9
   593.0,0.000072,-0.000004,0.001224,0.002074,0.000000,  15.811,     4.9
   594.0,0.000059,-0.000003,0.001335,0.002258,0.000000,  15.808,     4.9
   595.0,0.000054,-0.000014,0.001335,0.002128,0.000000,  15.806,     5.0
   596.0,0.000054,0.000007,0.001335,0.002104,0.000000,  15.807,     5.0
   597.0,0.000036,-0.000000,0.001225,0.001585,0.000000,  15.807,     5.0
   598.0,0.000068,-0.000011,0.001299,0.001860,0.000000,  15.805,     5.0
   599.0,0.000050,-0.000007,0.001189,0.002050,0.000000,  15.805,     5.0
   600.0,0.000050,-0.000014,0.001189,0.002128,0.000000,  15.806,     5.0
   601.0,0.000059,-0.000014,0.001189,0.002258,0.000000,  15.813,     5.0
   602.0,0.000050,-0.000004,0.001117,0.002235,0.000000,  15.809,     5.0
   603.0,0.000032,0.000004,0.001153,0.001937,0.000000,  15.812,     5.0
   604.0,0.000036,-0.000025,0.001189,0.002395,0.000000,  15.811,     5.0
   605.0,0.000054,-0.000011,0.001079,0.002395,0.000000,  15.814,     5.0
   606.0,0.000054,-0.000028,0.001153,0.001645,0.000000,  15.816,     5.1
   607.0,0.000036,-0.000028,0.001006,0.002342,0.000000,  15.811,     5.1
   608.0,0.000032,-0.000021,0.001043,0.001625,0.000000,  15.818,     5.1
   609.0,0.000045,-0.000029,0.001081,0.001957,0.000000,  15.815,     5.1
   610.0,0.000023,-0.000025,0.000971,0.002188,0.000000,  15.820,     5.1
   611.0,0.000036,-0.000025,0.001007,0.001967,0.000000,  15.819,     5.1
   612.0,0.000050,-0.000022,0.000897,0.001967,0.000000,  15.819,     5.1
   613.0,0.000009,-0.000011,0.000824,0.002609,0.000000,  15.825,     5.1
   614.0,0.000000,-0.000033,0.000786,0.002502,0.000000,  15.829,     5.1
   615.0,0.000005,-0.000029,0.000824,0.000890,0.000000,  15.827,     5.1
   616.0,0.000005,-0.000043,0.000861,0.001682,0.000000,  15.828,     5.1
   617.0,0.000000,-0.000051,0.000751,0.002235,0.000000,  15.825,     5.1
   618.0,-0.000018,-0.000061,0.000751,0.002235,0.000000,  15.822,     5.2
   619.0,-0.000031,-0.000058,0.000899,0.002282,0.000000,  15.828,     5.2
   620.0,-0.000031,-0.000087,0.000789,0.002020,0.000000,  15.825,     5.2
   621.0,-0.000036,-0.000101,0.000899,0.002020,0.000000,  15.835,     5.2
   622.0,-0.000040,-0.000091,0.000826,0.002419,0.000000,  15.835,     5.2
   623.0,-0.000045,-0.000094,0.000679,0.002128,0.000000,  15.834,     5.2
   624.0,-0.000049,-0.000091,0.000825,0.002134,0.000000,  15.836,     5.2
   625.0,-0.000054,-0.000109,0.000753,0.002027,0.000000,  15.832,     5.2
   626.0,-0.000072,-0.000109,0.000679,0.001937,0.000000,  15.829,     5.2
   627.0,-0.000058,-0.000116,0.000863,0.002020,0.000000,  15.836,     5.2
   628.0,-0.000085,-0.000109,0.000789,0.002121,0.000000,  15.836,     5.2
   629.0,-0.000063,-0.000113,0.000679,0.001521,0.000000,  15.837,     5.2
   630.0,-0.000067,-0.000105,0.000753,0.001314,0.000000,  15.840,     5.3
   631.0,-0.000072,-0.000094,0.000717,0.001528,0.000000,  15.832,     5.3
   632.0,-0.000067,-0.000112,0.000571,0.000913,0.000000,  15.844,     5.3
   633.0,-0.000076,-0.000112,0.000607,0.001552,0.000000,  15.846,     5.3
