Run Name,20220826_BSA_Cy3_AF647
Run Date,11:21:00 AM   08-26-22
Method Name,0.5 ml / min 100 uL inject 4WL FRET
Export Format Version, 1.00
Method ID,  894
Points/Second, 1.00
Number of Records,    636
Offset from Run Start Time,00:00:00
Run End Time,00:10:36
Time,Second
QuadTec 1, (280.0 nm), AU
QuadTec 2, (260.0 nm), AU
Gradient Pump,<Not Selected>
QuadTec 3, (550.0 nm), AU
QuadTec 4, (650.0 nm), AU
UV,AU
Conductivity,mS/cm
GP Pressure,<Not Selected>
Volume,ml
Fraction,<Not Available>
Time,QuadTec 1,QuadTec 2,QuadTec 3,QuadTec 4,UV,Conductivity,Volume
     0.0,-0.001018,-0.001219,0.825099,-0.556831,0.000000,  16.015,     0.0
     1.0,-0.001014,-0.001233,0.825013,-0.556877,0.000000,  16.016,     0.0
     2.0,-0.001005,-0.001233,0.824306,-0.556928,0.000000,  16.012,     0.0
     3.0,-0.000987,-0.001219,0.824064,-0.556872,0.000000,  16.016,     0.0
     4.0,-0.001000,-0.001201,0.824134,-0.556809,0.000000,  16.015,     0.0
     5.0,-0.000991,-0.001215,0.823807,-0.556763,0.000000,  16.018,     0.0
     6.0,0.000000,0.000000,0.823474,-0.556973,0.000000,  16.021,     0.1
     7.0,0.000018,-0.000028,-0.000958,0.000325,0.000000,  16.019,     0.1
     8.0,0.000023,-0.000021,-0.000185,0.000533,0.000000,  16.019,     0.1
     9.0,0.000032,-0.000024,-0.000186,0.000290,0.000000,  16.023,     0.1
    10.0,0.000054,0.000004,-0.000224,0.000851,0.000000,  16.029,     0.1
    11.0,0.000050,0.000001,-0.000186,0.001015,0.000000,  16.025,     0.1
    12.0,0.000036,0.000012,-0.000186,0.001209,0.000000,  16.022,     0.1
    13.0,0.000041,0.000004,-0.000150,0.001100,0.000000,  16.026,     0.1
    14.0,0.000045,0.000008,-0.000223,0.000828,0.000000,  16.024,     0.1
    15.0,0.000041,0.000015,-0.000112,0.000796,0.000000,  16.028,     0.1
    16.0,0.000032,0.000004,-0.000076,0.000937,0.000000,  16.029,     0.1
    17.0,0.000041,0.000012,-0.000076,0.001155,0.000000,  16.029,     0.1
    18.0,0.000063,0.000001,-0.000186,0.001023,0.000000,  16.030,     0.2
    19.0,0.000086,0.000015,-0.000186,0.001093,0.000000,  16.025,     0.2
    20.0,0.000090,0.000026,-0.000076,0.001311,0.000000,  16.030,     0.2
    21.0,0.000072,0.000030,-0.000114,0.001100,0.000000,  16.031,     0.2
    22.0,0.000063,0.000026,-0.000114,0.001209,0.000000,  16.031,     0.2
    23.0,0.000063,0.000033,-0.000040,0.001023,0.000000,  16.035,     0.2
    24.0,0.000081,0.000026,-0.000076,0.001100,0.000000,  16.029,     0.2
    25.0,0.000077,0.000023,-0.000076,0.001100,0.000000,  16.033,     0.2
    26.0,0.000090,0.000045,-0.000076,0.001132,0.000000,  16.030,     0.2
    27.0,0.000081,0.000063,-0.000114,0.001155,0.000000,  16.032,     0.2
    28.0,0.000081,0.000048,-0.000186,0.000703,0.000000,  16.032,     0.2
    29.0,0.000077,0.000041,-0.000186,0.001194,0.000000,  16.033,     0.2
    30.0,0.000077,0.000019,-0.000259,0.000921,0.000000,  16.033,     0.3
    31.0,0.000086,0.000033,-0.000185,0.001217,0.000000,  16.022,     0.3
    32.0,0.000081,0.000041,-0.000185,0.000820,0.000000,  16.024,     0.3
    33.0,0.000086,0.000037,-0.000148,-0.000019,0.000000,  16.033,     0.3
    34.0,0.000108,0.000048,-0.000259,0.000626,0.000000,  16.029,     0.3
    35.0,0.000131,0.000074,-0.000186,0.000812,0.000000,  16.020,     0.3
    36.0,0.000158,0.000096,-0.000186,0.000945,0.000000,  16.020,     0.3
    37.0,0.000163,0.000122,-0.000112,0.000586,0.000000,  16.030,     0.3
    38.0,0.000163,0.000107,-0.000114,-0.000238,0.000000,  16.029,     0.3
    39.0,0.000167,0.000114,-0.000150,0.000462,0.000000,  16.032,     0.3
    40.0,0.000163,0.000133,-0.000148,0.000727,0.000000,  16.028,     0.3
    41.0,0.000194,0.000118,-0.000112,0.000968,0.000000,  16.028,     0.3
    42.0,0.000389,0.000320,-0.000076,0.000882,0.000000,  16.025,     0.3
    43.0,0.000307,0.000323,-0.000076,0.000633,0.000000,  16.030,     0.4
    44.0,0.000258,0.000286,0.000069,0.000719,0.000000,  16.027,     0.4
    45.0,0.000240,0.000217,0.000071,0.000828,0.000000,  16.027,     0.4
    46.0,0.000217,0.000209,-0.000040,0.000719,0.000000,  16.037,     0.4
    47.0,0.000203,0.000191,-0.000040,0.001054,0.000000,  16.031,     0.4
    48.0,0.000185,0.000176,-0.000076,0.000968,0.000000,  16.030,     0.4
    49.0,0.000181,0.000144,-0.000112,0.000968,0.000000,  16.034,     0.4
    50.0,0.000176,0.000136,-0.000112,0.000066,0.000000,  16.033,     0.4
    51.0,0.000167,0.000125,-0.000076,0.000548,0.000000,  16.029,     0.4
    52.0,0.000167,0.000129,-0.000076,0.000103,0.000000,  16.031,     0.4
    53.0,0.000172,0.000129,-0.000076,0.000586,0.000000,  16.031,     0.4
    54.0,0.000154,0.000114,-0.000040,0.000750,0.000000,  16.031,     0.4
    55.0,0.000145,0.000114,-0.000114,0.000641,0.000000,  16.030,     0.5
    56.0,0.000149,0.000114,-0.000076,-0.000198,0.000000,  16.032,     0.5
    57.0,0.000140,0.000111,-0.000076,0.000766,0.000000,  16.028,     0.5
    58.0,0.000154,0.000107,-0.000038,0.001030,0.000000,  16.023,     0.5
    59.0,0.000131,0.000100,-0.000112,0.001023,0.000000,  16.023,     0.5
    60.0,0.000131,0.000100,-0.000150,0.000867,0.000000,  16.025,     0.5
    61.0,0.000136,0.000118,-0.000150,0.000408,0.000000,  16.026,     0.5
    62.0,0.000149,0.000111,-0.000076,0.001147,0.000000,  16.027,     0.5
    63.0,0.000149,0.000100,-0.000150,0.001318,0.000000,  16.019,     0.5
    64.0,0.000149,0.000107,-0.000150,0.001186,0.000000,  16.022,     0.5
    65.0,0.000140,0.000103,-0.000150,0.001077,0.000000,  16.025,     0.5
    66.0,0.000140,0.000099,-0.000150,0.001381,0.000000,  16.026,     0.6
    67.0,0.000140,0.000100,-0.000040,0.000649,0.000000,  16.025,     0.6
    68.0,0.000149,0.000085,-0.000040,0.000354,0.000000,  16.027,     0.6
    69.0,0.000163,0.000096,-0.000112,0.000688,0.000000,  16.020,     0.6
    70.0,0.000145,0.000092,-0.000076,0.000470,0.000000,  16.018,     0.6
    71.0,0.000140,0.000100,-0.000076,0.000331,0.000000,  16.025,     0.6
    72.0,0.000136,0.000100,-0.000076,0.000353,0.000000,  16.015,     0.6
    73.0,0.000140,0.000110,-0.000114,0.000945,0.000000,  16.022,     0.6
    74.0,0.000140,0.000096,-0.000114,0.001054,0.000000,  16.014,     0.6
    75.0,0.000145,0.000089,-0.000077,0.001108,0.000000,  16.022,     0.6
    76.0,0.000145,0.000096,-0.000188,0.000913,0.000000,  16.017,     0.6
    77.0,0.000145,0.000086,-0.000077,0.001240,0.000000,  16.025,     0.6
    78.0,0.000140,0.000086,-0.000040,0.000991,0.000000,  16.025,     0.6
    79.0,0.000145,0.000104,-0.000040,0.001139,0.000000,  16.026,     0.7
    80.0,0.000154,0.000111,-0.000150,0.001030,0.000000,  16.029,     0.7
    81.0,0.000172,0.000103,-0.000112,0.000075,0.000000,  16.027,     0.7
    82.0,0.000149,0.000096,-0.000150,0.000525,0.000000,  16.029,     0.7
    83.0,0.000145,0.000093,-0.000150,0.000594,0.000000,  16.035,     0.7
    84.0,0.000154,0.000085,-0.000002,-0.000011,0.000000,  16.034,     0.7
    85.0,0.000145,0.000085,-0.000003,0.000774,0.000000,  16.030,     0.7
    86.0,0.000145,0.000093,-0.000077,0.001357,0.000000,  16.033,     0.7
    87.0,0.000149,0.000085,-0.000114,0.000269,0.000000,  16.033,     0.7
    88.0,0.000131,0.000085,-0.000150,0.000960,0.000000,  16.038,     0.7
    89.0,0.000145,0.000096,-0.000186,0.000331,0.000000,  16.033,     0.7
    90.0,0.000145,0.000111,-0.000186,0.000595,0.000000,  16.034,     0.8
    91.0,0.000136,0.000118,-0.000150,0.000384,0.000000,  16.028,     0.8
    92.0,0.000176,0.000111,-0.000076,0.000945,0.000000,  16.032,     0.8
    93.0,0.000185,0.000104,-0.000003,0.001194,0.000000,  16.030,     0.8
    94.0,0.000217,0.000136,0.000033,0.001233,0.000000,  16.028,     0.8
    95.0,0.000199,0.000165,0.000033,0.001100,0.000000,  16.027,     0.8
    96.0,0.000208,0.000162,0.000107,0.000719,0.000000,  16.032,     0.8
    97.0,0.000226,0.000162,0.000071,0.000532,0.000000,  16.030,     0.8
    98.0,0.000235,0.000162,-0.000114,0.000245,0.000000,  16.026,     0.8
    99.0,0.000249,0.000166,-0.000040,0.001248,0.000000,  16.025,     0.8
   100.0,0.000253,0.000188,-0.000003,-0.000066,0.000000,  16.020,     0.8
   101.0,0.000271,0.000184,-0.000003,0.000462,0.000000,  16.023,     0.8
   102.0,0.000267,0.000195,0.000069,0.000703,0.000000,  16.021,     0.8
   103.0,0.000289,0.000221,0.000106,0.000890,0.000000,  16.022,     0.9
   104.0,0.000294,0.000232,0.000069,0.000804,0.000000,  16.021,     0.9
   105.0,0.000312,0.000239,0.000069,0.000859,0.000000,  16.023,     0.9
   106.0,0.000316,0.000261,0.000178,0.000882,0.000000,  16.017,     0.9
   107.0,0.000330,0.000257,0.000142,0.001318,0.000000,  16.019,     0.9
   108.0,0.000334,0.000250,0.000104,0.001209,0.000000,  16.010,     0.9
   109.0,0.000343,0.000254,0.000178,0.001388,0.000000,  16.007,     0.9
   110.0,0.000362,0.000280,0.000287,0.001630,0.000000,  16.022,     0.9
   111.0,0.000393,0.000294,0.000249,0.001279,0.000000,  16.022,     0.9
   112.0,0.000402,0.000323,0.000360,0.001420,0.000000,  16.018,     0.9
   113.0,0.000407,0.000320,0.000286,0.001287,0.000000,  16.017,     0.9
   114.0,0.000447,0.000331,0.000395,0.001497,0.000000,  16.015,     0.9
   115.0,0.000488,0.000357,0.000469,0.001412,0.000000,  16.015,     1.0
   116.0,0.000529,0.000379,0.000578,0.001731,0.000000,  16.016,     1.0
   117.0,0.000570,0.000419,0.000687,0.001622,0.000000,  16.013,     1.0
   118.0,0.000651,0.000430,0.000758,0.001552,0.000000,  16.009,     1.0
   119.0,0.000723,0.000470,0.000978,0.001637,0.000000,  16.012,     1.0
   120.0,0.000791,0.000496,0.001087,0.001824,0.000000,  16.006,     1.0
   121.0,0.000886,0.000540,0.001233,0.001365,0.000000,  16.002,     1.0
   122.0,0.000972,0.000585,0.001451,0.001972,0.000000,  16.009,     1.0
   123.0,0.001081,0.000661,0.001670,0.002042,0.000000,  16.007,     1.0
   124.0,0.001185,0.000717,0.001925,0.002377,0.000000,  16.010,     1.0
   125.0,0.001321,0.000761,0.002254,0.001381,0.000000,  16.004,     1.0
   126.0,0.001435,0.000853,0.002435,0.001334,0.000000,  16.005,     1.0
   127.0,0.001571,0.000937,0.002874,0.002050,0.000000,  16.008,     1.1
   128.0,0.001761,0.001004,0.003240,0.002665,0.000000,  16.011,     1.1
   129.0,0.001938,0.001122,0.003533,0.001910,0.000000,  16.011,     1.1
   130.0,0.002115,0.001239,0.004009,0.002876,0.000000,  16.001,     1.1
   131.0,0.002315,0.001345,0.004522,0.002940,0.000000,  16.008,     1.1
   132.0,0.002624,0.001474,0.004999,0.003361,0.000000,  16.011,     1.1
   133.0,0.002887,0.001640,0.005476,0.003898,0.000000,  16.010,     1.1
   134.0,0.003147,0.001772,0.006287,0.003915,0.000000,  16.015,     1.1
   135.0,0.003525,0.001949,0.006839,0.004157,0.000000,  16.008,     1.1
   136.0,0.003834,0.002129,0.007652,0.004385,0.000000,  16.009,     1.1
   137.0,0.004181,0.002361,0.008614,0.004759,0.000000,  16.021,     1.1
   138.0,0.004615,0.002538,0.009466,0.004722,0.000000,  16.020,     1.1
   139.0,0.005003,0.002767,0.010321,0.004650,0.000000,  16.022,     1.2
   140.0,0.005437,0.003059,0.011363,0.004992,0.000000,  16.023,     1.2
   141.0,0.005913,0.003302,0.012520,0.005658,0.000000,  16.026,     1.2
   142.0,0.006458,0.003586,0.013605,0.006238,0.000000,  16.025,     1.2
   143.0,0.006967,0.003919,0.014805,0.007146,0.000000,  16.024,     1.2
   144.0,0.007491,0.004215,0.016236,0.007534,0.000000,  16.026,     1.2
   145.0,0.008094,0.004533,0.017444,0.007983,0.000000,  16.029,     1.2
   146.0,0.008716,0.004882,0.018769,0.008481,0.000000,  16.027,     1.2
   147.0,0.009316,0.005265,0.020287,0.008951,0.000000,  16.030,     1.2
   148.0,0.010055,0.005617,0.021964,0.009485,0.000000,  16.029,     1.2
   149.0,0.010814,0.005996,0.023417,0.010228,0.000000,  16.033,     1.2
   150.0,0.011551,0.006461,0.025145,0.010624,0.000000,  16.033,     1.3
   151.0,0.012336,0.006923,0.027189,0.011231,0.000000,  16.035,     1.3
   152.0,0.013327,0.007372,0.028935,0.011947,0.000000,  16.034,     1.3
   153.0,0.014204,0.007930,0.030880,0.012367,0.000000,  16.033,     1.3
   154.0,0.015106,0.008490,0.033261,0.012345,0.000000,  16.034,     1.3
   155.0,0.016254,0.009025,0.035619,0.013779,0.000000,  16.031,     1.3
   156.0,0.017273,0.009576,0.037911,0.014792,0.000000,  16.033,     1.3
   157.0,0.018341,0.010266,0.040459,0.014996,0.000000,  16.032,     1.3
   158.0,0.019449,0.010896,0.043098,0.015665,0.000000,  16.028,     1.3
   159.0,0.020845,0.011533,0.045712,0.016717,0.000000,  16.024,     1.3
   160.0,0.021989,0.012199,0.048457,0.018065,0.000000,  16.024,     1.3
   161.0,0.023212,0.013030,0.051758,0.019091,0.000000,  16.021,     1.3
   162.0,0.024532,0.013746,0.054713,0.019793,0.000000,  16.022,     1.4
   163.0,0.026160,0.014491,0.057572,0.020360,0.000000,  16.019,     1.4
   164.0,0.027454,0.015406,0.060651,0.021827,0.000000,  16.012,     1.4
   165.0,0.028875,0.016158,0.064552,0.022698,0.000000,  16.016,     1.4
   166.0,0.030418,0.016954,0.067840,0.023899,0.000000,  16.018,     1.4
   167.0,0.032200,0.017785,0.071218,0.025212,0.000000,  16.021,     1.4
   168.0,0.033731,0.018842,0.074845,0.026173,0.000000,  16.011,     1.4
   169.0,0.035426,0.019693,0.079293,0.026475,0.000000,  16.015,     1.4
   170.0,0.037403,0.020627,0.082969,0.028266,0.000000,  16.016,     1.4
   171.0,0.039043,0.021588,0.086974,0.028844,0.000000,  16.016,     1.4
   172.0,0.040733,0.022694,0.091851,0.030918,0.000000,  16.011,     1.4
   173.0,0.042594,0.023614,0.095772,0.032223,0.000000,  16.018,     1.4
   174.0,0.044378,0.024527,0.099894,0.033754,0.000000,  16.015,     1.4
   175.0,0.045957,0.025537,0.104073,0.034602,0.000000,  16.017,     1.5
   176.0,0.047507,0.026477,0.108590,0.035720,0.000000,  16.021,     1.5
   177.0,0.049347,0.027331,0.112195,0.036653,0.000000,  16.032,     1.5
   178.0,0.050918,0.028195,0.115831,0.037975,0.000000,  16.028,     1.5
   179.0,0.052524,0.029234,0.119880,0.038792,0.000000,  16.025,     1.5
   180.0,0.054256,0.030150,0.123848,0.039556,0.000000,  16.034,     1.5
   181.0,0.056630,0.031162,0.127508,0.040550,0.000000,  16.030,     1.5
   182.0,0.058784,0.032522,0.131421,0.042781,0.000000,  16.024,     1.5
   183.0,0.061265,0.033799,0.136737,0.044520,0.000000,  16.023,     1.5
   184.0,0.064065,0.035248,0.141790,0.046429,0.000000,  16.033,     1.5
   185.0,0.067951,0.036887,0.147412,0.048590,0.000000,  16.030,     1.5
   186.0,0.071327,0.039152,0.153602,0.050820,0.000000,  16.034,     1.5
   187.0,0.075049,0.041098,0.162348,0.052985,0.000000,  16.034,     1.6
   188.0,0.079056,0.043215,0.169704,0.055624,0.000000,  16.029,     1.6
   189.0,0.083551,0.045373,0.177906,0.058907,0.000000,  16.038,     1.6
   190.0,0.087051,0.047948,0.186300,0.061079,0.000000,  16.036,     1.6
   191.0,0.090424,0.049796,0.196513,0.062674,0.000000,  16.029,     1.6
   192.0,0.093608,0.051491,0.203883,0.065569,0.000000,  16.032,     1.6
   193.0,0.095535,0.052917,0.210672,0.067085,0.000000,  16.034,     1.6
   194.0,0.096778,0.054033,0.217688,0.068774,0.000000,  16.036,     1.6
   195.0,0.097297,0.054531,0.221360,0.069538,0.000000,  16.037,     1.6
   196.0,0.096935,0.054614,0.223677,0.070011,0.000000,  16.039,     1.6
   197.0,0.095882,0.054205,0.224224,0.069720,0.000000,  16.040,     1.6
   198.0,0.094080,0.053484,0.222766,0.069082,0.000000,  16.042,     1.6
   199.0,0.091941,0.052494,0.219865,0.068047,0.000000,  16.042,     1.7
   200.0,0.089948,0.051247,0.215476,0.066996,0.000000,  16.042,     1.7
   201.0,0.088185,0.050079,0.209670,0.066055,0.000000,  16.037,     1.7
   202.0,0.086952,0.049254,0.204697,0.066202,0.000000,  16.045,     1.7
   203.0,0.087090,0.048860,0.200256,0.066039,0.000000,  16.045,     1.7
   204.0,0.088689,0.049286,0.196987,0.067196,0.000000,  16.036,     1.7
   205.0,0.092148,0.050636,0.196359,0.069046,0.000000,  16.042,     1.7
   206.0,0.099395,0.053101,0.198934,0.071747,0.000000,  16.044,     1.7
   207.0,0.107849,0.057811,0.205178,0.077655,0.000000,  16.043,     1.7
   208.0,0.119025,0.063279,0.218362,0.083767,0.000000,  16.043,     1.7
   209.0,0.132734,0.070171,0.234568,0.090898,0.000000,  16.048,     1.7
   210.0,0.152866,0.078481,0.255240,0.099594,0.000000,  16.047,     1.8
   211.0,0.170702,0.090350,0.280251,0.110184,0.000000,  16.041,     1.8
   212.0,0.190381,0.100706,0.316851,0.119302,0.000000,  16.044,     1.8
   213.0,0.211472,0.111861,0.348717,0.129008,0.000000,  16.049,     1.8
   214.0,0.234864,0.123058,0.383297,0.139199,0.000000,  16.052,     1.8
   215.0,0.252653,0.136330,0.418074,0.147011,0.000000,  16.049,     1.8
   216.0,0.269586,0.145568,0.459783,0.154135,0.000000,  16.049,     1.8
   217.0,0.284839,0.153802,0.489119,0.159706,0.000000,  16.047,     1.8
   218.0,0.293083,0.160323,0.515508,0.163410,0.000000,  16.050,     1.8
   219.0,0.297453,0.164919,0.540789,0.164377,0.000000,  16.047,     1.8
   220.0,0.297049,0.165966,0.552811,0.162577,0.000000,  16.040,     1.8
   221.0,0.291710,0.164621,0.557841,0.159430,0.000000,  16.040,     1.8
   222.0,0.282546,0.160250,0.554965,0.154084,0.000000,  16.046,     1.9
   223.0,0.268345,0.154342,0.542000,0.148264,0.000000,  16.046,     1.9
   224.0,0.251695,0.146780,0.523870,0.139514,0.000000,  16.048,     1.9
   225.0,0.234558,0.136915,0.498097,0.131030,0.000000,  16.040,     1.9
   226.0,0.216544,0.126413,0.464170,0.122738,0.000000,  16.040,     1.9
   227.0,0.194669,0.116407,0.432477,0.114097,0.000000,  16.041,     1.9
   228.0,0.176808,0.105217,0.398827,0.103401,0.000000,  16.041,     1.9
   229.0,0.159831,0.094677,0.361130,0.095056,0.000000,  16.037,     1.9
   230.0,0.143948,0.085476,0.325217,0.087392,0.000000,  16.029,     1.9
   231.0,0.126120,0.076978,0.294037,0.080228,0.000000,  16.040,     1.9
   232.0,0.113522,0.067660,0.265013,0.071560,0.000000,  16.040,     1.9
   233.0,0.101617,0.060633,0.233187,0.065534,0.000000,  16.037,     1.9
   234.0,0.088614,0.054286,0.209435,0.059910,0.000000,  16.033,     1.9
   235.0,0.079560,0.048585,0.187790,0.053508,0.000000,  16.028,     2.0
   236.0,0.071242,0.042390,0.164835,0.048850,0.000000,  16.027,     2.0
   237.0,0.063795,0.038111,0.147871,0.045168,0.000000,  16.025,     2.0
   238.0,0.055724,0.034154,0.132726,0.041500,0.000000,  16.021,     2.0
   239.0,0.050288,0.030643,0.119210,0.037238,0.000000,  16.022,     2.0
   240.0,0.045278,0.026865,0.104765,0.034538,0.000000,  16.010,     2.0
   241.0,0.040635,0.024319,0.094806,0.031726,0.000000,  16.019,     2.0
   242.0,0.036016,0.021938,0.085659,0.029228,0.000000,  16.014,     2.0
   243.0,0.032710,0.019366,0.077714,0.026777,0.000000,  16.014,     2.0
   244.0,0.029690,0.017633,0.068998,0.025320,0.000000,  16.012,     2.0
   245.0,0.026711,0.016025,0.063080,0.023189,0.000000,  16.013,     2.0
   246.0,0.024147,0.014530,0.057605,0.021610,0.000000,  16.010,     2.0
   247.0,0.022037,0.013059,0.052420,0.020551,0.000000,  16.013,     2.1
   248.0,0.019946,0.011977,0.047370,0.019387,0.000000,  16.001,     2.1
   249.0,0.018138,0.010987,0.043694,0.018229,0.000000,  16.002,     2.1
   250.0,0.016647,0.010028,0.040095,0.016796,0.000000,  16.001,     2.1
   251.0,0.015307,0.009184,0.036294,0.015800,0.000000,  16.004,     2.1
   252.0,0.013882,0.008491,0.033540,0.015053,0.000000,  16.003,     2.1
   253.0,0.012829,0.007864,0.031071,0.014199,0.000000,  16.002,     2.1
   254.0,0.011852,0.007188,0.028505,0.012995,0.000000,  16.001,     2.1
   255.0,0.010966,0.006664,0.026185,0.012233,0.000000,  16.004,     2.1
   256.0,0.009958,0.006205,0.024223,0.011830,0.000000,  16.009,     2.1
   257.0,0.009278,0.005763,0.022460,0.011168,0.000000,  15.992,     2.1
   258.0,0.008605,0.005277,0.020515,0.010879,0.000000,  16.004,     2.2
   259.0,0.008016,0.004939,0.018997,0.010269,0.000000,  16.006,     2.2
   260.0,0.007322,0.004613,0.017485,0.009461,0.000000,  16.007,     2.2
   261.0,0.006880,0.004275,0.016349,0.009500,0.000000,  16.009,     2.2
   262.0,0.006449,0.004032,0.014881,0.009723,0.000000,  16.005,     2.2
   263.0,0.005995,0.003784,0.013831,0.009802,0.000000,  16.011,     2.2
   264.0,0.005670,0.003606,0.013006,0.009872,0.000000,  16.014,     2.2
   265.0,0.005396,0.003395,0.012072,0.009937,0.000000,  16.016,     2.2
   266.0,0.005126,0.003284,0.011400,0.011168,0.000000,  16.021,     2.2
   267.0,0.004911,0.003195,0.010618,0.012102,0.000000,  16.016,     2.2
   268.0,0.004788,0.003129,0.010135,0.014709,0.000000,  16.019,     2.2
   269.0,0.004738,0.003115,0.009503,0.018255,0.000000,  16.019,     2.2
   270.0,0.004797,0.003203,0.009318,0.022752,0.000000,  16.008,     2.3
   271.0,0.004952,0.003380,0.009170,0.030253,0.000000,  16.025,     2.3
   272.0,0.005226,0.003735,0.009095,0.038968,0.000000,  16.024,     2.3
   273.0,0.005634,0.004136,0.009392,0.050830,0.000000,  16.023,     2.3
   274.0,0.006362,0.004724,0.009800,0.069046,0.000000,  16.019,     2.3
   275.0,0.007105,0.005522,0.010506,0.087798,0.000000,  16.019,     2.3
   276.0,0.007965,0.006437,0.011326,0.109522,0.000000,  16.024,     2.3
   277.0,0.009186,0.007420,0.012782,0.133413,0.000000,  16.019,     2.3
   278.0,0.010281,0.008506,0.014280,0.165452,0.000000,  16.028,     2.3
   279.0,0.011518,0.009869,0.016273,0.192140,0.000000,  16.029,     2.3
   280.0,0.012874,0.011062,0.018351,0.221285,0.000000,  16.033,     2.3
   281.0,0.014721,0.012357,0.020515,0.251070,0.000000,  16.032,     2.3
   282.0,0.016346,0.013997,0.022843,0.289286,0.000000,  16.034,     2.3
   283.0,0.018137,0.015424,0.026031,0.319259,0.000000,  16.036,     2.4
   284.0,0.020389,0.016908,0.028896,0.351283,0.000000,  16.036,     2.4
   285.0,0.022025,0.018317,0.032087,0.388637,0.000000,  16.040,     2.4
   286.0,0.023386,0.019822,0.035934,0.415654,0.000000,  16.040,     2.4
   287.0,0.024198,0.020544,0.038982,0.439800,0.000000,  16.043,     2.4
   288.0,0.024141,0.020713,0.041571,0.458607,0.000000,  16.045,     2.4
   289.0,0.022986,0.019858,0.043298,0.471619,0.000000,  16.046,     2.4
   290.0,0.020730,0.018148,0.044015,0.474832,0.000000,  16.037,     2.4
   291.0,0.016504,0.015480,0.043012,0.470014,0.000000,  16.044,     2.4
   292.0,0.012270,0.011946,0.040419,0.455836,0.000000,  16.045,     2.4
   293.0,0.007574,0.006998,0.035540,0.436768,0.000000,  16.044,     2.4
   294.0,0.002787,0.003059,0.030409,0.411505,0.000000,  16.046,     2.5
   295.0,-0.001857,-0.000647,0.024643,0.377460,0.000000,  16.043,     2.5
   296.0,-0.004552,-0.004246,0.018654,0.342165,0.000000,  16.042,     2.5
   297.0,-0.006145,-0.005928,0.012295,0.310777,0.000000,  16.045,     2.5
   298.0,-0.006506,-0.006643,0.008429,0.279520,0.000000,  16.041,     2.5
   299.0,-0.005829,-0.006398,0.005772,0.252995,0.000000,  16.041,     2.5
   300.0,-0.004624,-0.005399,0.004082,0.233286,0.000000,  16.037,     2.5
   301.0,-0.002792,-0.004028,0.003715,0.215738,0.000000,  16.035,     2.5
   302.0,-0.000700,-0.002255,0.004082,0.197335,0.000000,  16.031,     2.5
   303.0,0.001357,0.000016,0.004853,0.182208,0.000000,  16.031,     2.5
   304.0,0.003279,0.001972,0.006140,0.169731,0.000000,  16.028,     2.5
   305.0,0.005354,0.003821,0.007135,0.157632,0.000000,  16.017,     2.5
   306.0,0.006908,0.005690,0.008169,0.142469,0.000000,  16.027,     2.5
   307.0,0.008517,0.007450,0.009058,0.131489,0.000000,  16.023,     2.6
   308.0,0.010697,0.009293,0.009837,0.119982,0.000000,  16.025,     2.6
   309.0,0.012674,0.011388,0.010618,0.108046,0.000000,  16.022,     2.6
   310.0,0.014492,0.014061,0.011698,0.099832,0.000000,  16.027,     2.6
   311.0,0.015849,0.015940,0.012856,0.092484,0.000000,  16.029,     2.6
   312.0,0.016519,0.017147,0.013792,0.085973,0.000000,  16.031,     2.6
   313.0,0.016116,0.017479,0.014467,0.078343,0.000000,  16.030,     2.6
   314.0,0.015133,0.016706,0.014580,0.072824,0.000000,  16.034,     2.6
   315.0,0.013885,0.015544,0.014130,0.067105,0.000000,  16.030,     2.6
   316.0,0.012242,0.014174,0.013155,0.061293,0.000000,  16.034,     2.6
   317.0,0.011008,0.012431,0.012109,0.056366,0.000000,  16.031,     2.6
   318.0,0.009823,0.011126,0.010767,0.051899,0.000000,  16.025,     2.7
   319.0,0.008669,0.009868,0.009763,0.048420,0.000000,  16.026,     2.7
   320.0,0.007564,0.008743,0.008762,0.044206,0.000000,  16.016,     2.7
   321.0,0.006788,0.007580,0.007911,0.041244,0.000000,  16.004,     2.7
   322.0,0.006073,0.006797,0.006876,0.038858,0.000000,  15.975,     2.7
   323.0,0.005378,0.006038,0.006249,0.036180,0.000000,  15.946,     2.7
   324.0,0.004815,0.005363,0.005660,0.033018,0.000000,  15.905,     2.7
   325.0,0.004368,0.004739,0.005220,0.031302,0.000000,  15.841,     2.7
   326.0,0.003916,0.004287,0.004706,0.029915,0.000000,  15.768,     2.7
   327.0,0.003552,0.003865,0.004266,0.028253,0.000000,  15.693,     2.7
   328.0,0.003274,0.003477,0.003936,0.026877,0.000000,  15.606,     2.7
   329.0,0.003010,0.003155,0.003532,0.025481,0.000000,  15.510,     2.7
   330.0,0.002769,0.002904,0.003276,0.023977,0.000000,  15.420,     2.8
   331.0,0.002573,0.002624,0.003056,0.022344,0.000000,  15.331,     2.8
   332.0,0.002405,0.002406,0.002873,0.021774,0.000000,  15.245,     2.8
   333.0,0.002224,0.002244,0.002618,0.020853,0.000000,  15.179,     2.8
   334.0,0.002106,0.002096,0.002508,0.019335,0.000000,  15.129,     2.8
   335.0,0.001970,0.001934,0.002362,0.018554,0.000000,  15.089,     2.8
   336.0,0.001874,0.001824,0.002290,0.017474,0.000000,  15.069,     2.8
   337.0,0.001779,0.001710,0.002217,0.016859,0.000000,  15.068,     2.8
   338.0,0.001725,0.001611,0.002182,0.015763,0.000000,  15.086,     2.8
   339.0,0.001652,0.001562,0.001924,0.014583,0.000000,  15.114,     2.8
   340.0,0.001584,0.001474,0.001924,0.013361,0.000000,  15.164,     2.8
   341.0,0.001539,0.001423,0.001851,0.013926,0.000000,  15.229,     2.8
   342.0,0.001489,0.001361,0.001851,0.013444,0.000000,  15.311,     2.8
   343.0,0.001462,0.001334,0.001889,0.012610,0.000000,  15.387,     2.9
   344.0,0.001430,0.001294,0.001925,0.012240,0.000000,  15.475,     2.9
   345.0,0.001403,0.001272,0.001851,0.011252,0.000000,  15.565,     2.9
   346.0,0.001389,0.001228,0.001851,0.010468,0.000000,  15.654,     2.9
   347.0,0.001375,0.001213,0.002035,0.010482,0.000000,  15.741,     2.9
   348.0,0.001362,0.001202,0.001997,0.009956,0.000000,  15.813,     2.9
   349.0,0.001335,0.001165,0.002108,0.008481,0.000000,  15.883,     2.9
   350.0,0.001335,0.001133,0.002033,0.009040,0.000000,  15.940,     2.9
   351.0,0.001326,0.001132,0.002179,0.008931,0.000000,  15.988,     2.9
   352.0,0.001307,0.001122,0.002327,0.008451,0.000000,  16.032,     2.9
   353.0,0.001294,0.001096,0.002473,0.007298,0.000000,  16.065,     2.9
   354.0,0.001303,0.001099,0.002582,0.007643,0.000000,  16.080,     3.0
   355.0,0.001289,0.001092,0.002655,0.007316,0.000000,  16.102,     3.0
   356.0,0.001276,0.001084,0.002876,0.006802,0.000000,  16.110,     3.0
   357.0,0.001249,0.001073,0.002726,0.006426,0.000000,  16.111,     3.0
   358.0,0.001235,0.001055,0.002800,0.006680,0.000000,  16.111,     3.0
   359.0,0.001221,0.001040,0.002837,0.006637,0.000000,  16.113,     3.0
   360.0,0.001172,0.001022,0.002874,0.006565,0.000000,  16.112,     3.0
   361.0,0.001172,0.001025,0.002874,0.006129,0.000000,  16.105,     3.0
   362.0,0.001158,0.001018,0.002911,0.006135,0.000000,  16.095,     3.0
   363.0,0.001135,0.001011,0.002873,0.004783,0.000000,  16.089,     3.0
   364.0,0.001113,0.000996,0.002911,0.005212,0.000000,  16.084,     3.0
   365.0,0.001108,0.000989,0.002764,0.005489,0.000000,  16.077,     3.0
   366.0,0.001072,0.000978,0.002727,0.005210,0.000000,  16.071,     3.0
   367.0,0.001040,0.000981,0.002691,0.005247,0.000000,  16.054,     3.1
   368.0,0.001031,0.000967,0.002655,0.005247,0.000000,  16.054,     3.1
   369.0,0.001009,0.000952,0.002655,0.005199,0.000000,  16.050,     3.1
   370.0,0.001009,0.000945,0.002544,0.004300,0.000000,  16.048,     3.1
   371.0,0.000995,0.000945,0.002471,0.004524,0.000000,  16.043,     3.1
   372.0,0.000990,0.000948,0.002509,0.004504,0.000000,  16.041,     3.1
   373.0,0.000995,0.000959,0.002509,0.004559,0.000000,  16.045,     3.1
   374.0,0.001013,0.000945,0.002436,0.003572,0.000000,  16.041,     3.1
   375.0,0.001022,0.000948,0.002473,0.003840,0.000000,  16.043,     3.1
   376.0,0.000999,0.000952,0.002473,0.004480,0.000000,  16.045,     3.1
   377.0,0.000999,0.000948,0.002436,0.004372,0.000000,  16.048,     3.1
   378.0,0.000999,0.000933,0.002436,0.003960,0.000000,  16.043,     3.2
   379.0,0.001004,0.000930,0.002400,0.003724,0.000000,  16.044,     3.2
   380.0,0.000995,0.000919,0.002363,0.003323,0.000000,  16.045,     3.2
   381.0,0.000995,0.000901,0.002363,0.003565,0.000000,  16.049,     3.2
   382.0,0.000986,0.000901,0.002252,0.003769,0.000000,  16.044,     3.2
   383.0,0.000990,0.000882,0.002252,0.003415,0.000000,  16.046,     3.2
   384.0,0.000972,0.000857,0.002327,0.003874,0.000000,  16.040,     3.2
   385.0,0.000959,0.000845,0.002363,0.004024,0.000000,  16.041,     3.2
   386.0,0.000963,0.000838,0.002327,0.004078,0.000000,  16.040,     3.2
   387.0,0.000977,0.000823,0.002363,0.003939,0.000000,  16.040,     3.2
   388.0,0.000959,0.000820,0.002436,0.003487,0.000000,  16.039,     3.2
   389.0,0.000972,0.000809,0.002435,0.002580,0.000000,  16.037,     3.2
   390.0,0.000968,0.000791,0.002582,0.003344,0.000000,  16.037,     3.3
   391.0,0.000968,0.000787,0.002544,0.003711,0.000000,  16.031,     3.3
   392.0,0.000977,0.000790,0.002654,0.003789,0.000000,  16.035,     3.3
   393.0,0.000977,0.000772,0.002837,0.003657,0.000000,  16.040,     3.3
   394.0,0.000999,0.000772,0.002836,0.003579,0.000000,  16.041,     3.3
   395.0,0.001031,0.000769,0.003020,0.003198,0.000000,  16.044,     3.3
   396.0,0.001049,0.000794,0.003240,0.003259,0.000000,  16.046,     3.3
   397.0,0.001054,0.000794,0.003422,0.003259,0.000000,  16.039,     3.3
   398.0,0.001095,0.000794,0.003642,0.003174,0.000000,  16.035,     3.3
   399.0,0.001144,0.000816,0.003972,0.003018,0.000000,  16.043,     3.3
   400.0,0.001176,0.000842,0.004412,0.002354,0.000000,  16.047,     3.3
   401.0,0.001253,0.000879,0.004926,0.002892,0.000000,  16.044,     3.3
   402.0,0.001335,0.000904,0.005330,0.003538,0.000000,  16.044,     3.3
   403.0,0.001407,0.000952,0.005955,0.003228,0.000000,  16.046,     3.4
   404.0,0.001511,0.000996,0.006618,0.003072,0.000000,  16.051,     3.4
   405.0,0.001679,0.001070,0.007319,0.003072,0.000000,  16.046,     3.4
   406.0,0.001824,0.001158,0.008206,0.003025,0.000000,  16.052,     3.4
   407.0,0.002015,0.001290,0.009466,0.003103,0.000000,  16.059,     3.4
   408.0,0.002246,0.001412,0.011102,0.003103,0.000000,  16.057,     3.4
   409.0,0.002596,0.001533,0.012856,0.002081,0.000000,  16.056,     3.4
   410.0,0.002924,0.001776,0.015031,0.002814,0.000000,  16.060,     3.4
   411.0,0.003360,0.002004,0.018161,0.002838,0.000000,  16.064,     3.4
   412.0,0.003838,0.002269,0.021468,0.003110,0.000000,  16.064,     3.4
   413.0,0.004536,0.002572,0.025299,0.002698,0.000000,  16.065,     3.4
   414.0,0.005139,0.003001,0.029673,0.002377,0.000000,  16.071,     3.5
   415.0,0.005816,0.003377,0.035974,0.002564,0.000000,  16.069,     3.5
   416.0,0.006558,0.003780,0.041451,0.002736,0.000000,  16.073,     3.5
   417.0,0.007394,0.004210,0.047525,0.002947,0.000000,  16.066,     3.5
   418.0,0.008116,0.004769,0.053931,0.003001,0.000000,  16.070,     3.5
   419.0,0.008862,0.005181,0.062022,0.003531,0.000000,  16.063,     3.5
   420.0,0.009646,0.005615,0.068350,0.003300,0.000000,  16.074,     3.5
   421.0,0.010228,0.006016,0.074642,0.003027,0.000000,  16.073,     3.5
   422.0,0.010715,0.006439,0.081976,0.002973,0.000000,  16.075,     3.5
   423.0,0.011187,0.006678,0.086929,0.003463,0.000000,  16.073,     3.5
   424.0,0.011512,0.006916,0.091342,0.003548,0.000000,  16.079,     3.5
   425.0,0.011711,0.007099,0.095122,0.003293,0.000000,  16.079,     3.5
   426.0,0.011827,0.007204,0.098537,0.003735,0.000000,  16.076,     3.5
   427.0,0.011832,0.007256,0.100105,0.003415,0.000000,  16.076,     3.6
   428.0,0.011758,0.007252,0.100992,0.003143,0.000000,  16.081,     3.6
   429.0,0.011605,0.007170,0.101084,0.002973,0.000000,  16.080,     3.6
   430.0,0.011410,0.007066,0.100351,0.003003,0.000000,  16.083,     3.6
   431.0,0.011090,0.006940,0.098981,0.002292,0.000000,  16.080,     3.6
   432.0,0.010762,0.006764,0.097070,0.003375,0.000000,  16.080,     3.6
   433.0,0.010419,0.006533,0.094174,0.003205,0.000000,  16.078,     3.6
   434.0,0.010049,0.006321,0.091298,0.003453,0.000000,  16.078,     3.6
   435.0,0.009550,0.006076,0.088217,0.003470,0.000000,  16.072,     3.6
   436.0,0.009190,0.005845,0.084731,0.002767,0.000000,  16.080,     3.6
   437.0,0.008789,0.005542,0.080502,0.003032,0.000000,  16.071,     3.6
   438.0,0.008296,0.005340,0.077106,0.002058,0.000000,  16.083,     3.7
   439.0,0.007932,0.005103,0.073448,0.002947,0.000000,  16.080,     3.7
   440.0,0.007555,0.004814,0.069840,0.002613,0.000000,  16.079,     3.7
   441.0,0.007169,0.004606,0.065395,0.002831,0.000000,  16.081,     3.7
   442.0,0.006779,0.004391,0.061989,0.002994,0.000000,  16.070,     3.7
   443.0,0.006426,0.004180,0.058767,0.002558,0.000000,  16.077,     3.7
   444.0,0.006118,0.003954,0.054762,0.002255,0.000000,  16.083,     3.7
   445.0,0.005757,0.003770,0.051765,0.002582,0.000000,  16.080,     3.7
   446.0,0.005432,0.003599,0.048985,0.003025,0.000000,  16.078,     3.7
   447.0,0.005171,0.003414,0.046035,0.002729,0.000000,  16.081,     3.7
   448.0,0.004911,0.003237,0.042897,0.002783,0.000000,  16.081,     3.7
   449.0,0.004605,0.003075,0.040613,0.002627,0.000000,  16.070,     3.7
   450.0,0.004390,0.002949,0.038267,0.002370,0.000000,  16.079,     3.8
   451.0,0.004171,0.002783,0.035969,0.001777,0.000000,  16.076,     3.8
   452.0,0.003975,0.002651,0.033806,0.002665,0.000000,  16.077,     3.8
   453.0,0.003756,0.002544,0.032004,0.002805,0.000000,  16.080,     3.8
   454.0,0.003583,0.002418,0.030250,0.001310,0.000000,  16.074,     3.8
   455.0,0.003428,0.002341,0.028272,0.001808,0.000000,  16.074,     3.8
   456.0,0.003251,0.002241,0.026803,0.002432,0.000000,  16.078,     3.8
   457.0,0.003110,0.002163,0.025453,0.002580,0.000000,  16.080,     3.8
   458.0,0.002987,0.002056,0.023993,0.002495,0.000000,  16.077,     3.8
   459.0,0.002860,0.001954,0.022805,0.002362,0.000000,  16.080,     3.8
   460.0,0.002714,0.001901,0.021658,0.002557,0.000000,  16.078,     3.8
   461.0,0.002610,0.001824,0.020665,0.002635,0.000000,  16.079,     3.8
   462.0,0.002505,0.001740,0.019487,0.002689,0.000000,  16.080,     3.8
   463.0,0.002396,0.001670,0.018578,0.002587,0.000000,  16.081,     3.9
   464.0,0.002314,0.001622,0.017633,0.002042,0.000000,  16.077,     3.9
   465.0,0.002233,0.001538,0.016914,0.002174,0.000000,  16.084,     3.9
   466.0,0.002156,0.001504,0.015972,0.002432,0.000000,  16.077,     3.9
   467.0,0.002087,0.001460,0.015332,0.002315,0.000000,  16.083,     3.9
   468.0,0.002015,0.001413,0.014730,0.001567,0.000000,  16.087,     3.9
   469.0,0.001951,0.001387,0.014092,0.002299,0.000000,  16.084,     3.9
   470.0,0.001901,0.001342,0.013417,0.002626,0.000000,  16.088,     3.9
   471.0,0.001865,0.001298,0.012857,0.002486,0.000000,  16.085,     3.9
   472.0,0.001815,0.001265,0.012445,0.002339,0.000000,  16.087,     3.9
   473.0,0.001774,0.001221,0.012034,0.002642,0.000000,  16.078,     3.9
   474.0,0.001706,0.001192,0.011586,0.002720,0.000000,  16.087,     4.0
   475.0,0.001675,0.001181,0.011251,0.002486,0.000000,  16.083,     4.0
   476.0,0.001643,0.001151,0.010767,0.001894,0.000000,  16.083,     4.0
   477.0,0.001620,0.001125,0.010469,0.002486,0.000000,  16.086,     4.0
   478.0,0.001579,0.001107,0.010209,0.002618,0.000000,  16.087,     4.0
   479.0,0.001557,0.001081,0.009837,0.002455,0.000000,  16.086,     4.0
   480.0,0.001534,0.001060,0.009466,0.001964,0.000000,  16.087,     4.0
   481.0,0.001498,0.001034,0.009207,0.001957,0.000000,  16.079,     4.0
   482.0,0.001480,0.001019,0.008947,0.002128,0.000000,  16.083,     4.0
   483.0,0.001448,0.000986,0.008614,0.002393,0.000000,  16.081,     4.0
   484.0,0.001434,0.000986,0.008466,0.002510,0.000000,  16.081,     4.0
   485.0,0.001403,0.001000,0.008133,0.002401,0.000000,  16.085,     4.0
   486.0,0.001402,0.000967,0.007985,0.002564,0.000000,  16.086,     4.1
   487.0,0.001393,0.000956,0.007763,0.002673,0.000000,  16.080,     4.1
   488.0,0.001375,0.000941,0.007504,0.002968,0.000000,  16.083,     4.1
   489.0,0.001330,0.000901,0.007431,0.003077,0.000000,  16.074,     4.1
   490.0,0.001321,0.000876,0.007246,0.002805,0.000000,  16.082,     4.1
   491.0,0.001276,0.000879,0.007025,0.001606,0.000000,  16.079,     4.1
   492.0,0.001280,0.000875,0.006914,0.002058,0.000000,  16.081,     4.1
   493.0,0.001262,0.000853,0.006730,0.002019,0.000000,  16.081,     4.1
   494.0,0.001253,0.000850,0.006583,0.001615,0.000000,  16.084,     4.1
   495.0,0.001235,0.000835,0.006398,0.001536,0.000000,  16.082,     4.1
   496.0,0.001230,0.000816,0.006251,0.002517,0.000000,  16.075,     4.1
   497.0,0.001203,0.000809,0.006030,0.002665,0.000000,  16.080,     4.1
   498.0,0.001199,0.000809,0.005882,0.002883,0.000000,  16.083,     4.2
   499.0,0.001190,0.000798,0.005772,0.002448,0.000000,  16.086,     4.2
   500.0,0.001149,0.000769,0.005662,0.002408,0.000000,  16.082,     4.2
   501.0,0.001140,0.000769,0.005515,0.001948,0.000000,  16.081,     4.2
   502.0,0.001122,0.000754,0.005442,0.001653,0.000000,  16.078,     4.2
   503.0,0.001099,0.000743,0.005258,0.002089,0.000000,  16.078,     4.2
   504.0,0.001090,0.000732,0.004999,0.001802,0.000000,  16.071,     4.2
   505.0,0.001090,0.000736,0.004963,0.001934,0.000000,  16.077,     4.2
   506.0,0.001076,0.000736,0.004853,0.002315,0.000000,  16.073,     4.2
   507.0,0.001076,0.000725,0.004669,0.002557,0.000000,  16.085,     4.2
   508.0,0.001058,0.000710,0.004522,0.002502,0.000000,  16.081,     4.2
   509.0,0.001036,0.000696,0.004189,0.002557,0.000000,  16.085,     4.2
   510.0,0.001004,0.000699,0.004153,0.002323,0.000000,  16.085,     4.3
   511.0,0.000999,0.000677,0.004228,0.001668,0.000000,  16.077,     4.3
   512.0,0.000990,0.000662,0.004156,0.002159,0.000000,  16.085,     4.3
   513.0,0.000990,0.000681,0.004082,0.002417,0.000000,  16.082,     4.3
   514.0,0.000977,0.000673,0.003861,0.002144,0.000000,  16.081,     4.3
   515.0,0.000972,0.000677,0.003899,0.002362,0.000000,  16.083,     4.3
   516.0,0.000954,0.000663,0.003752,0.002261,0.000000,  16.080,     4.3
   517.0,0.000963,0.000648,0.003715,0.001886,0.000000,  16.068,     4.3
   518.0,0.000954,0.000648,0.003790,0.001528,0.000000,  16.081,     4.3
   519.0,0.000932,0.000655,0.003494,0.001505,0.000000,  16.081,     4.3
   520.0,0.000913,0.000648,0.003422,0.002384,0.000000,  16.080,     4.3
   521.0,0.000895,0.000626,0.003460,0.002564,0.000000,  16.072,     4.3
   522.0,0.000868,0.000618,0.003386,0.002136,0.000000,  16.082,     4.3
   523.0,0.000846,0.000590,0.003204,0.001264,0.000000,  16.081,     4.4
   524.0,0.000845,0.000567,0.003094,0.001995,0.000000,  16.081,     4.4
   525.0,0.000832,0.000574,0.002946,0.000720,0.000000,  16.083,     4.4
   526.0,0.000796,0.000567,0.002911,0.000813,0.000000,  16.085,     4.4
   527.0,0.000796,0.000559,0.002874,0.001536,0.000000,  16.089,     4.4
   528.0,0.000800,0.000560,0.002801,0.001777,0.000000,  16.086,     4.4
   529.0,0.000796,0.000545,0.002803,0.001015,0.000000,  16.087,     4.4
   530.0,0.000809,0.000542,0.002692,0.001046,0.000000,  16.092,     4.4
   531.0,0.000809,0.000549,0.002692,0.000160,0.000000,  16.086,     4.4
   532.0,0.000796,0.000549,0.002619,0.001707,0.000000,  16.086,     4.4
   533.0,0.000787,0.000560,0.002582,0.001910,0.000000,  16.090,     4.4
   534.0,0.000778,0.000527,0.002546,0.001879,0.000000,  16.090,     4.4
   535.0,0.000773,0.000527,0.002509,0.001980,0.000000,  16.081,     4.5
   536.0,0.000773,0.000545,0.002436,0.001684,0.000000,  16.089,     4.5
   537.0,0.000741,0.000530,0.002473,0.001739,0.000000,  16.083,     4.5
   538.0,0.000714,0.000519,0.002363,0.001474,0.000000,  16.085,     4.5
   539.0,0.000732,0.000508,0.002325,0.001062,0.000000,  16.079,     4.5
   540.0,0.000732,0.000512,0.002290,0.001443,0.000000,  16.073,     4.5
   541.0,0.000719,0.000494,0.002143,0.002112,0.000000,  16.077,     4.5
   542.0,0.000701,0.000486,0.002070,0.001653,0.000000,  16.075,     4.5
   543.0,0.000683,0.000479,0.002070,0.001902,0.000000,  16.076,     4.5
   544.0,0.000674,0.000471,0.002033,0.001209,0.000000,  16.073,     4.5
   545.0,0.000665,0.000461,0.002033,0.001583,0.000000,  16.072,     4.5
   546.0,0.000669,0.000439,0.002071,0.001692,0.000000,  16.070,     4.6
   547.0,0.000669,0.000450,0.001998,0.001108,0.000000,  16.068,     4.6
   548.0,0.000660,0.000457,0.001962,0.001614,0.000000,  16.068,     4.6
   549.0,0.000646,0.000453,0.001925,0.001583,0.000000,  16.067,     4.6
   550.0,0.000642,0.000460,0.001851,0.001357,0.000000,  16.053,     4.6
   551.0,0.000637,0.000456,0.001925,0.001459,0.000000,  16.059,     4.6
   552.0,0.000628,0.000435,0.001852,0.001731,0.000000,  16.059,     4.6
   553.0,0.000624,0.000446,0.001816,0.001653,0.000000,  16.057,     4.6
   554.0,0.000624,0.000435,0.001743,0.001248,0.000000,  16.057,     4.6
   555.0,0.000642,0.000446,0.001743,0.001435,0.000000,  16.056,     4.6
   556.0,0.000646,0.000453,0.001817,0.002120,0.000000,  16.061,     4.6
   557.0,0.000628,0.000460,0.001817,0.001630,0.000000,  16.052,     4.6
   558.0,0.000628,0.000453,0.001632,0.001381,0.000000,  16.057,     4.7
   559.0,0.000606,0.000438,0.001743,0.001544,0.000000,  16.056,     4.7
   560.0,0.000619,0.000428,0.001670,0.001653,0.000000,  16.054,     4.7
   561.0,0.000619,0.000435,0.001596,0.002089,0.000000,  16.054,     4.7
   562.0,0.000601,0.000417,0.001634,0.001824,0.000000,  16.054,     4.7
   563.0,0.000597,0.000413,0.001634,0.001451,0.000000,  16.059,     4.7
   564.0,0.000601,0.000420,0.001523,0.001038,0.000000,  16.053,     4.7
   565.0,0.000592,0.000420,0.001561,0.001746,0.000000,  16.049,     4.7
   566.0,0.000592,0.000427,0.001450,0.001926,0.000000,  16.055,     4.7
   567.0,0.000601,0.000431,0.001414,0.001544,0.000000,  16.054,     4.7
   568.0,0.000610,0.000435,0.001524,0.001949,0.000000,  16.053,     4.7
   569.0,0.000597,0.000427,0.001488,0.001949,0.000000,  16.050,     4.7
   570.0,0.000597,0.000424,0.001488,0.001902,0.000000,  16.055,     4.8
   571.0,0.000597,0.000424,0.001415,0.001599,0.000000,  16.051,     4.8
   572.0,0.000597,0.000420,0.001451,0.000642,0.000000,  16.054,     4.8
   573.0,0.000601,0.000442,0.001415,0.001420,0.000000,  16.050,     4.8
   574.0,0.000597,0.000435,0.001379,0.001684,0.000000,  16.055,     4.8
   575.0,0.000601,0.000417,0.001304,0.001988,0.000000,  16.055,     4.8
   576.0,0.000601,0.000435,0.001304,0.000906,0.000000,  16.053,     4.8
   577.0,0.000597,0.000432,0.001342,0.001474,0.000000,  16.059,     4.8
   578.0,0.000597,0.000435,0.001306,0.001879,0.000000,  16.055,     4.8
   579.0,0.000592,0.000424,0.001269,0.002112,0.000000,  16.060,     4.8
   580.0,0.000588,0.000410,0.001232,0.001980,0.000000,  16.060,     4.8
   581.0,0.000579,0.000410,0.001268,0.002065,0.000000,  16.061,     4.8
   582.0,0.000560,0.000403,0.001048,0.001995,0.000000,  16.064,     4.8
   583.0,0.000579,0.000410,0.001195,0.000697,0.000000,  16.064,     4.9
   584.0,0.000592,0.000406,0.001233,0.001256,0.000000,  16.063,     4.9
   585.0,0.000601,0.000424,0.001159,0.001964,0.000000,  16.056,     4.9
   586.0,0.000610,0.000435,0.001195,0.002089,0.000000,  16.065,     4.9
   587.0,0.000624,0.000428,0.001195,0.001933,0.000000,  16.061,     4.9
   588.0,0.000633,0.000461,0.001084,0.002299,0.000000,  16.063,     4.9
   589.0,0.000633,0.000475,0.001268,0.002510,0.000000,  16.063,     4.9
   590.0,0.000619,0.000454,0.001306,0.002564,0.000000,  16.063,     4.9
   591.0,0.000606,0.000453,0.001232,0.002339,0.000000,  16.058,     4.9
   592.0,0.000606,0.000439,0.001268,0.002502,0.000000,  16.066,     4.9
   593.0,0.000610,0.000446,0.001269,0.002510,0.000000,  16.065,     4.9
   594.0,0.000601,0.000442,0.001197,0.001825,0.000000,  16.061,     4.9
   595.0,0.000615,0.000457,0.001233,0.002097,0.000000,  16.064,     5.0
   596.0,0.000610,0.000450,0.001197,0.001202,0.000000,  16.064,     5.0
   597.0,0.000610,0.000450,0.001233,0.000922,0.000000,  16.065,     5.0
   598.0,0.000624,0.000458,0.001233,0.001661,0.000000,  16.065,     5.0
   599.0,0.000628,0.000468,0.001197,0.001973,0.000000,  16.062,     5.0
   600.0,0.000619,0.000475,0.001160,0.002081,0.000000,  16.062,     5.0
   601.0,0.000619,0.000497,0.001160,0.001895,0.000000,  16.067,     5.0
   602.0,0.000637,0.000475,0.001160,0.002081,0.000000,  16.067,     5.0
   603.0,0.000628,0.000476,0.001198,0.002377,0.000000,  16.067,     5.0
   604.0,0.000642,0.000483,0.001086,0.001497,0.000000,  16.059,     5.0
   605.0,0.000637,0.000476,0.001160,0.001513,0.000000,  16.063,     5.0
   606.0,0.000601,0.000464,0.001233,0.002439,0.000000,  16.065,     5.1
   607.0,0.000601,0.000450,0.001197,0.002470,0.000000,  16.061,     5.1
   608.0,0.000588,0.000450,0.001087,0.002462,0.000000,  16.059,     5.1
   609.0,0.000579,0.000442,0.001051,0.001373,0.000000,  16.061,     5.1
   610.0,0.000592,0.000450,0.001087,0.002143,0.000000,  16.062,     5.1
   611.0,0.000601,0.000446,0.000977,0.002330,0.000000,  16.060,     5.1
   612.0,0.000597,0.000450,0.001124,0.002323,0.000000,  16.057,     5.1
   613.0,0.000606,0.000457,0.001160,0.002618,0.000000,  16.054,     5.1
   614.0,0.000597,0.000471,0.001086,0.002206,0.000000,  16.058,     5.1
   615.0,0.000588,0.000475,0.001124,0.001724,0.000000,  16.056,     5.1
   616.0,0.000574,0.000453,0.001051,0.002183,0.000000,  16.051,     5.1
   617.0,0.000588,0.000450,0.000978,0.001567,0.000000,  16.057,     5.1
   618.0,0.000597,0.000450,0.001052,0.001832,0.000000,  16.060,     5.2
   619.0,0.000579,0.000450,0.000940,0.001949,0.000000,  16.061,     5.2
   620.0,0.000579,0.000453,0.000942,0.002089,0.000000,  16.062,     5.2
   621.0,0.000579,0.000428,0.001016,0.002299,0.000000,  16.061,     5.2
   622.0,0.000574,0.000417,0.000830,0.002354,0.000000,  16.066,     5.2
   623.0,0.000560,0.000431,0.000940,0.002548,0.000000,  16.069,     5.2
   624.0,0.000529,0.000420,0.000942,0.002680,0.000000,  16.070,     5.2
   625.0,0.000533,0.000410,0.000942,0.002493,0.000000,  16.071,     5.2
   626.0,0.000529,0.000409,0.000905,0.002198,0.000000,  16.068,     5.2
   627.0,0.000506,0.000417,0.000795,0.002408,0.000000,  16.079,     5.2
   628.0,0.000524,0.000402,0.000868,0.002493,0.000000,  16.081,     5.2
   629.0,0.000515,0.000399,0.000793,0.001832,0.000000,  16.084,     5.2
   630.0,0.000497,0.000391,0.000869,0.001528,0.000000,  16.084,     5.3
   631.0,0.000529,0.000395,0.000869,0.001941,0.000000,  16.083,     5.3
   632.0,0.000515,0.000388,0.000833,0.002112,0.000000,  16.086,     5.3
   633.0,0.000524,0.000391,0.000869,0.001520,0.000000,  16.087,     5.3
   634.0,0.000515,0.000376,0.000905,0.001676,0.000000,  16.086,     5.3
   635.0,0.000524,0.000380,0.000905,0.001653,0.000000,  16.087,     5.3
