Run Name,20220915_1Cy3_3AF_0delay
Run Date,04:11:30 PM   09-16-22
Method Name,0.5 ml / min 100 uL inject 4WL FRET
Export Format Version, 1.00
Method ID,  923
Points/Second, 1.00
Number of Records,    635
Offset from Run Start Time,00:00:00
Run End Time,00:10:36
Time,Second
QuadTec 1, (280.0 nm), AU
QuadTec 2, (260.0 nm), AU
Gradient Pump,<Not Selected>
QuadTec 3, (550.0 nm), AU
QuadTec 4, (650.0 nm), AU
UV,AU
Conductivity,mS/cm
GP Pressure,<Not Selected>
Volume,ml
Fraction,<Not Available>
Time,QuadTec 1,QuadTec 2,QuadTec 3,QuadTec 4,UV,Conductivity,Volume
     0.0,0.000000,0.000000,-0.670509,0.000000,0.937338,  17.920,     0.0
     1.0,0.000000,0.000000,-0.000140,-0.000501,0.932761,  17.919,     0.0
     2.0,0.000019,0.000014,-0.000027,-0.000906,0.935508,  17.918,     0.0
     3.0,-0.000016,0.000001,-0.000216,-0.001133,0.936940,  17.914,     0.0
     4.0,0.000003,-0.000011,-0.000202,-0.001480,0.935406,  17.916,     0.0
     5.0,0.000018,-0.000013,-0.000233,-0.001231,0.932059,  17.913,     0.0
     6.0,0.000014,-0.000016,-0.000161,-0.001161,0.933941,  17.921,     0.1
     7.0,0.000016,0.000008,-0.000094,-0.001210,0.935120,  17.920,     0.1
     8.0,0.000013,0.000006,-0.000075,-0.001341,0.937749,  17.919,     0.1
     9.0,0.000005,-0.000011,-0.000107,-0.001295,0.935744,  17.921,     0.1
    10.0,0.000006,0.000017,-0.000191,-0.001060,0.937616,  17.922,     0.1
    11.0,0.000040,0.000024,-0.000173,-0.001191,0.938129,  17.928,     0.1
    12.0,0.000063,0.000027,-0.000101,-0.001322,0.934182,  17.923,     0.1
    13.0,0.000038,0.000016,-0.000186,-0.001465,0.933247,  17.917,     0.1
    14.0,0.000046,0.000013,-0.000119,-0.001619,0.934566,  17.926,     0.1
    15.0,0.000056,0.000021,-0.000101,-0.001644,0.937755,  17.925,     0.1
    16.0,0.000081,0.000034,-0.000087,-0.001491,0.933069,  17.930,     0.1
    17.0,0.000077,0.000031,-0.000118,-0.001515,0.935531,  17.932,     0.1
    18.0,0.000104,0.000043,-0.000051,-0.001539,0.933454,  17.934,     0.2
    19.0,0.000097,0.000045,0.000011,-0.001481,0.932905,  17.935,     0.2
    20.0,0.000103,0.000062,0.000078,-0.001505,0.933336,  17.937,     0.2
    21.0,0.000104,0.000040,0.000091,-0.001847,0.934339,  17.939,     0.2
    22.0,0.000101,0.000042,0.000060,-0.001789,0.935879,  17.940,     0.2
    23.0,0.000109,0.000078,0.000020,-0.001813,0.933588,  17.942,     0.2
    24.0,0.000128,0.000070,0.000038,-0.001955,0.931992,  17.940,     0.2
    25.0,0.000100,0.000086,0.000104,-0.002096,0.931115,  17.945,     0.2
    26.0,0.000120,0.000074,0.000166,-0.001850,0.933938,  17.942,     0.2
    27.0,0.000133,0.000066,0.000180,-0.001605,0.930043,  17.942,     0.2
    28.0,0.000160,0.000086,0.000096,-0.002015,0.931373,  17.935,     0.2
    29.0,0.000168,0.000123,0.000060,-0.001758,0.932428,  17.928,     0.2
    30.0,0.000187,0.000129,0.000175,-0.001421,0.933256,  17.921,     0.3
    31.0,0.000195,0.000135,0.000241,-0.001736,0.933017,  17.904,     0.3
    32.0,0.000197,0.000147,0.000254,-0.001935,0.933582,  17.908,     0.3
    33.0,0.000190,0.000148,0.000166,-0.002064,0.935816,  17.917,     0.3
    34.0,0.000180,0.000145,0.000280,-0.002192,0.936441,  17.909,     0.3
    35.0,0.000200,0.000171,0.000144,-0.002961,0.937096,  17.913,     0.3
    36.0,0.000205,0.000182,0.000206,-0.002251,0.940321,  17.911,     0.3
    37.0,0.000212,0.000192,0.000271,-0.002367,0.937209,  17.912,     0.3
    38.0,0.000268,0.000232,0.000385,-0.002298,0.929760,  17.911,     0.3
    39.0,0.000249,0.000251,0.000249,-0.002344,0.930801,  17.907,     0.3
    40.0,0.000350,0.000602,0.000310,-0.002263,0.933625,  17.908,     0.3
    41.0,0.000703,0.000860,0.000271,-0.002368,0.931559,  17.910,     0.3
    42.0,0.000713,0.000730,0.000284,-0.002705,0.930022,  17.899,     0.3
    43.0,0.000600,0.000558,0.000349,-0.002832,0.932075,  17.903,     0.4
    44.0,0.000430,0.000403,0.000266,-0.002832,0.935167,  17.901,     0.4
    45.0,0.000346,0.000320,0.000375,-0.002971,0.937897,  17.895,     0.4
    46.0,0.000292,0.000284,0.000388,-0.003748,0.936590,  17.892,     0.4
    47.0,0.000259,0.000252,0.000397,-0.003318,0.936904,  17.891,     0.4
    48.0,0.000258,0.000259,0.000362,-0.003237,0.933745,  17.890,     0.4
    49.0,0.000250,0.000232,0.000374,-0.003364,0.932372,  17.889,     0.4
    50.0,0.000225,0.000224,0.000335,-0.002912,0.933782,  17.881,     0.4
    51.0,0.000228,0.000216,0.000348,-0.003039,0.933206,  17.888,     0.4
    52.0,0.000238,0.000222,0.000361,-0.003177,0.931587,  17.894,     0.4
    53.0,0.000243,0.000227,0.000374,-0.002831,0.932826,  17.890,     0.4
    54.0,0.000215,0.000218,0.000335,-0.002762,0.931754,  17.896,     0.4
    55.0,0.000200,0.000202,0.000395,-0.003176,0.934072,  17.896,     0.5
    56.0,0.000223,0.000202,0.000356,-0.003476,0.931595,  17.895,     0.5
    57.0,0.000206,0.000208,0.000369,-0.003406,0.931925,  17.895,     0.5
    58.0,0.000209,0.000195,0.000429,-0.003164,0.933163,  17.905,     0.5
    59.0,0.000195,0.000191,0.000339,-0.003371,0.934273,  17.905,     0.5
    60.0,0.000185,0.000201,0.000351,-0.003187,0.933655,  17.901,     0.5
    61.0,0.000205,0.000221,0.000312,-0.003232,0.932677,  17.901,     0.5
    62.0,0.000215,0.000208,0.000468,-0.003244,0.933800,  17.891,     0.5
    63.0,0.000228,0.000222,0.000579,-0.003358,0.933228,  17.890,     0.5
    64.0,0.000236,0.000242,0.000536,-0.003013,0.932525,  17.892,     0.5
    65.0,0.000251,0.000261,0.000545,-0.003484,0.931913,  17.884,     0.5
    66.0,0.000239,0.000251,0.000605,-0.003598,0.933636,  17.887,     0.6
    67.0,0.000223,0.000257,0.000712,-0.003793,0.935662,  17.883,     0.6
    68.0,0.000220,0.000248,0.000720,-0.003908,0.934079,  17.881,     0.6
    69.0,0.000246,0.000262,0.000780,-0.003941,0.934280,  17.879,     0.6
    70.0,0.000229,0.000245,0.000694,-0.003963,0.933773,  17.879,     0.6
    71.0,0.000225,0.000231,0.000702,-0.004089,0.935051,  17.881,     0.6
    72.0,0.000240,0.000250,0.000762,-0.004111,0.938148,  17.879,     0.6
    73.0,0.000245,0.000255,0.000822,-0.004202,0.936762,  17.879,     0.6
    74.0,0.000235,0.000256,0.000680,-0.004155,0.934284,  17.880,     0.6
    75.0,0.000250,0.000288,0.000740,-0.004075,0.934202,  17.876,     0.6
    76.0,0.000243,0.000269,0.000799,-0.004372,0.934403,  17.879,     0.6
    77.0,0.000245,0.000275,0.000709,-0.004383,0.937198,  17.874,     0.6
    78.0,0.000247,0.000256,0.000863,-0.004222,0.932178,  17.882,     0.6
    79.0,0.000238,0.000266,0.000824,-0.004335,0.930872,  17.883,     0.7
    80.0,0.000230,0.000271,0.000734,-0.004277,0.931241,  17.877,     0.7
    81.0,0.000249,0.000275,0.000789,-0.004482,0.932769,  17.888,     0.7
    82.0,0.000233,0.000252,0.000900,-0.004401,0.935526,  17.886,     0.7
    83.0,0.000237,0.000244,0.000904,-0.004526,0.934584,  17.890,     0.7
    84.0,0.000233,0.000243,0.000912,-0.004467,0.932211,  17.892,     0.7
    85.0,0.000222,0.000252,0.000971,-0.004467,0.931801,  17.889,     0.7
    86.0,0.000219,0.000253,0.000976,-0.004398,0.933600,  17.892,     0.7
    87.0,0.000219,0.000266,0.000984,-0.004409,0.935523,  17.883,     0.7
    88.0,0.000203,0.000252,0.001043,-0.004420,0.935783,  17.888,     0.7
    89.0,0.000212,0.000234,0.000953,-0.004351,0.935029,  17.882,     0.7
    90.0,0.000230,0.000247,0.001059,-0.004009,0.930428,  17.887,     0.8
    91.0,0.000225,0.000242,0.000965,-0.004100,0.928234,  17.884,     0.8
    92.0,0.000197,0.000229,0.001075,-0.004577,0.927573,  17.879,     0.8
    93.0,0.000214,0.000242,0.001126,-0.004497,0.927748,  17.890,     0.8
    94.0,0.000220,0.000245,0.001134,-0.004631,0.932359,  17.886,     0.8
    95.0,0.000227,0.000272,0.001045,-0.004813,0.933306,  17.883,     0.8
    96.0,0.000227,0.000271,0.001049,-0.004915,0.932371,  17.883,     0.8
    97.0,0.000220,0.000284,0.001150,-0.004846,0.936064,  17.883,     0.8
    98.0,0.000210,0.000270,0.001158,-0.004948,0.935403,  17.887,     0.8
    99.0,0.000238,0.000274,0.001166,-0.004958,0.934775,  17.886,     0.8
   100.0,0.000243,0.000259,0.001170,-0.005049,0.931197,  17.894,     0.8
   101.0,0.000232,0.000276,0.001322,-0.004969,0.930708,  17.893,     0.8
   102.0,0.000277,0.000294,0.001326,-0.005333,0.934894,  17.891,     0.8
   103.0,0.000293,0.000323,0.001330,-0.004221,0.932155,  17.899,     0.9
   104.0,0.000342,0.000340,0.001432,-0.004108,0.931251,  17.891,     0.9
   105.0,0.000450,0.000419,0.001529,-0.003915,0.932904,  17.890,     0.9
   106.0,0.000527,0.000440,0.001626,-0.003417,0.931489,  17.899,     0.9
   107.0,0.000615,0.000500,0.001774,-0.002828,0.928971,  17.899,     0.9
   108.0,0.000773,0.000570,0.001918,-0.002431,0.929349,  17.898,     0.9
   109.0,0.000884,0.000608,0.002112,-0.002249,0.931630,  17.900,     0.9
   110.0,0.000966,0.000673,0.002213,-0.002034,0.931080,  17.898,     0.9
   111.0,0.001056,0.000685,0.002310,-0.001829,0.932574,  17.897,     0.9
   112.0,0.001097,0.000723,0.002314,-0.001195,0.933255,  17.897,     0.9
   113.0,0.001163,0.000739,0.002415,-0.001716,0.933705,  17.900,     0.9
   114.0,0.001224,0.000746,0.002512,-0.001058,0.934030,  17.899,     0.9
   115.0,0.001255,0.000785,0.002566,-0.000786,0.933538,  17.897,     1.0
   116.0,0.001303,0.000810,0.002620,-0.000526,0.933532,  17.896,     1.0
   117.0,0.001305,0.000799,0.002620,-0.000526,0.933881,  17.898,     1.0
   118.0,0.001314,0.000811,0.002817,-0.000424,0.929523,  17.892,     1.0
   119.0,0.001350,0.000814,0.002774,-0.000255,0.933999,  17.897,     1.0
   120.0,0.001381,0.000825,0.002778,-0.000141,0.933338,  17.901,     1.0
   121.0,0.001430,0.000842,0.002971,-0.000231,0.932974,  17.900,     1.0
   122.0,0.001443,0.000839,0.003025,0.000028,0.932491,  17.898,     1.0
   123.0,0.001462,0.000846,0.002979,0.000016,0.932922,  17.887,     1.0
   124.0,0.001494,0.000858,0.003032,0.000209,0.929767,  17.895,     1.0
   125.0,0.001512,0.000861,0.002986,0.000480,0.930778,  17.892,     1.0
   126.0,0.001530,0.000876,0.003132,0.000492,0.927693,  17.889,     1.0
   127.0,0.001554,0.000900,0.003089,0.000402,0.927787,  17.889,     1.1
   128.0,0.001591,0.000899,0.003190,0.000492,0.928659,  17.890,     1.1
   129.0,0.001620,0.000923,0.003143,0.000673,0.929992,  17.887,     1.1
   130.0,0.001661,0.000947,0.003193,0.001124,0.928425,  17.890,     1.1
   131.0,0.001692,0.000967,0.003340,0.001046,0.929634,  17.883,     1.1
   132.0,0.001715,0.000965,0.003343,0.001664,0.931555,  17.890,     1.1
   133.0,0.001750,0.000971,0.003393,0.001226,0.933418,  17.879,     1.1
   134.0,0.001775,0.000996,0.003540,0.001058,0.934610,  17.887,     1.1
   135.0,0.001798,0.001007,0.003589,0.001238,0.937292,  17.886,     1.1
   136.0,0.001821,0.001022,0.003546,0.001611,0.939677,  17.888,     1.1
   137.0,0.001833,0.001015,0.003550,0.001791,0.933507,  17.888,     1.1
   138.0,0.001852,0.001031,0.003646,0.001689,0.930928,  17.884,     1.1
   139.0,0.001887,0.001042,0.003650,0.001701,0.935308,  17.883,     1.2
   140.0,0.001888,0.001039,0.003749,0.002062,0.937786,  17.891,     1.2
   141.0,0.001918,0.001042,0.003657,0.002062,0.937758,  17.893,     1.2
   142.0,0.001947,0.001057,0.003660,0.002319,0.934234,  17.891,     1.2
   143.0,0.001947,0.001032,0.003806,0.002691,0.935981,  17.888,     1.2
   144.0,0.001955,0.001061,0.003713,0.002499,0.936970,  17.892,     1.2
   145.0,0.001972,0.001059,0.003813,0.002242,0.936626,  17.888,     1.2
   146.0,0.001984,0.001074,0.003912,0.002152,0.932755,  17.888,     1.2
   147.0,0.001991,0.001041,0.003912,0.002319,0.933435,  17.889,     1.2
   148.0,0.002014,0.001061,0.004058,0.002626,0.933990,  17.885,     1.2
   149.0,0.002020,0.001072,0.003869,0.002409,0.936448,  17.882,     1.2
   150.0,0.002021,0.001065,0.004019,0.002589,0.934421,  17.884,     1.3
   151.0,0.002033,0.001067,0.004019,0.002769,0.935055,  17.882,     1.3
   152.0,0.002055,0.001086,0.003976,0.003231,0.932586,  17.887,     1.3
   153.0,0.002079,0.001089,0.004121,0.003051,0.932902,  17.886,     1.3
   154.0,0.002085,0.001090,0.004267,0.003487,0.932416,  17.886,     1.3
   155.0,0.002096,0.001092,0.004220,0.003076,0.932779,  17.886,     1.3
   156.0,0.002124,0.001103,0.004224,0.003166,0.932581,  17.883,     1.3
   157.0,0.002147,0.001118,0.004082,0.003448,0.933261,  17.886,     1.3
   158.0,0.002197,0.001115,0.004227,0.004064,0.935032,  17.884,     1.3
   159.0,0.002219,0.001147,0.004277,0.004089,0.937332,  17.882,     1.3
   160.0,0.002247,0.001166,0.004277,0.004397,0.930549,  17.876,     1.3
   161.0,0.002263,0.001185,0.004518,0.004486,0.930496,  17.883,     1.3
   162.0,0.002329,0.001200,0.004567,0.004768,0.930945,  17.881,     1.4
   163.0,0.002374,0.001202,0.004663,0.004897,0.934591,  17.882,     1.4
   164.0,0.002417,0.001216,0.004567,0.005218,0.936334,  17.881,     1.4
   165.0,0.002494,0.001261,0.004759,0.005616,0.934923,  17.888,     1.4
   166.0,0.002588,0.001293,0.004756,0.005912,0.931690,  17.891,     1.4
   167.0,0.002664,0.001325,0.004947,0.006297,0.931921,  17.898,     1.4
   168.0,0.002724,0.001361,0.005138,0.006901,0.934327,  17.900,     1.4
   169.0,0.002805,0.001405,0.005280,0.007520,0.934664,  17.907,     1.4
   170.0,0.002921,0.001484,0.005469,0.007933,0.933718,  17.909,     1.4
   171.0,0.003024,0.001519,0.005657,0.008540,0.932585,  17.914,     1.4
   172.0,0.003138,0.001550,0.005607,0.009415,0.929924,  17.914,     1.4
   173.0,0.003280,0.001638,0.005938,0.009754,0.931055,  17.919,     1.4
   174.0,0.003400,0.001717,0.006268,0.010764,0.936388,  17.923,     1.4
   175.0,0.003580,0.001760,0.006456,0.011566,0.938696,  17.922,     1.5
   176.0,0.003766,0.001839,0.006688,0.012608,0.934561,  17.924,     1.5
   177.0,0.003951,0.001939,0.006922,0.013622,0.930144,  17.929,     1.5
   178.0,0.004130,0.002017,0.007203,0.014578,0.930549,  17.933,     1.5
   179.0,0.004382,0.002117,0.007531,0.015312,0.932487,  17.930,     1.5
   180.0,0.004589,0.002225,0.007859,0.016615,0.933447,  17.931,     1.5
   181.0,0.004790,0.002324,0.008091,0.016952,0.936713,  17.937,     1.5
   182.0,0.005052,0.002428,0.008512,0.018243,0.935588,  17.937,     1.5
   183.0,0.005269,0.002536,0.008887,0.019698,0.934821,  17.932,     1.5
   184.0,0.005481,0.002639,0.009166,0.020399,0.934279,  17.928,     1.5
   185.0,0.005698,0.002726,0.009541,0.020841,0.936499,  17.927,     1.5
   186.0,0.005921,0.002838,0.009869,0.021299,0.937511,  17.925,     1.5
   187.0,0.006128,0.002911,0.010149,0.021920,0.936108,  17.924,     1.6
   188.0,0.006285,0.002980,0.010527,0.022257,0.933357,  17.922,     1.6
   189.0,0.006492,0.003067,0.010667,0.022470,0.933042,  17.923,     1.6
   190.0,0.006621,0.003123,0.010949,0.022862,0.933082,  17.917,     1.6
   191.0,0.006751,0.003145,0.011278,0.022683,0.931906,  17.914,     1.6
   192.0,0.006842,0.003189,0.011324,0.022862,0.929084,  17.912,     1.6
   193.0,0.006894,0.003203,0.011420,0.023096,0.930472,  17.918,     1.6
   194.0,0.006931,0.003233,0.011420,0.023418,0.930674,  17.915,     1.6
   195.0,0.006939,0.003208,0.011517,0.022831,0.932834,  17.903,     1.6
   196.0,0.006926,0.003214,0.011565,0.022529,0.933133,  17.906,     1.6
   197.0,0.006908,0.003181,0.011520,0.022639,0.932846,  17.904,     1.6
   198.0,0.006856,0.003147,0.011380,0.021768,0.935823,  17.901,     1.6
   199.0,0.006745,0.003110,0.011335,0.021326,0.937454,  17.902,     1.7
   200.0,0.006660,0.003077,0.011243,0.020673,0.939089,  17.905,     1.7
   201.0,0.006521,0.003014,0.011057,0.019893,0.935893,  17.901,     1.7
   202.0,0.006372,0.002943,0.010921,0.019526,0.939378,  17.902,     1.7
   203.0,0.006244,0.002859,0.010688,0.018788,0.936090,  17.897,     1.7
   204.0,0.006100,0.002775,0.010408,0.018285,0.933588,  17.904,     1.7
   205.0,0.005896,0.002699,0.010321,0.017623,0.932884,  17.892,     1.7
   206.0,0.005720,0.002620,0.010042,0.016799,0.933343,  17.897,     1.7
   207.0,0.005538,0.002540,0.009763,0.015841,0.934462,  17.895,     1.7
   208.0,0.005340,0.002440,0.009487,0.015124,0.934328,  17.900,     1.7
   209.0,0.005143,0.002348,0.009162,0.014394,0.933750,  17.901,     1.7
   210.0,0.004967,0.002247,0.008932,0.013635,0.933735,  17.895,     1.8
   211.0,0.004760,0.002155,0.008610,0.012729,0.934461,  17.889,     1.8
   212.0,0.004546,0.002055,0.008379,0.011884,0.935220,  17.894,     1.8
   213.0,0.004355,0.001938,0.008196,0.010596,0.934049,  17.896,     1.8
   214.0,0.004142,0.001850,0.007967,0.009947,0.933042,  17.891,     1.8
   215.0,0.003945,0.001759,0.007695,0.009417,0.934965,  17.890,     1.8
   216.0,0.003770,0.001680,0.007323,0.008566,0.935566,  17.883,     1.8
   217.0,0.003585,0.001601,0.007190,0.008011,0.938204,  17.882,     1.8
   218.0,0.003357,0.001480,0.006727,0.007471,0.938094,  17.894,     1.8
   219.0,0.003182,0.001401,0.006591,0.006946,0.939725,  17.890,     1.8
   220.0,0.003007,0.001326,0.006456,0.006306,0.937020,  17.896,     1.8
   221.0,0.002818,0.001222,0.006229,0.005631,0.934457,  17.894,     1.8
   222.0,0.002676,0.001156,0.005999,0.005197,0.935586,  17.894,     1.9
   223.0,0.002513,0.001103,0.005772,0.005234,0.937826,  17.892,     1.9
   224.0,0.002372,0.001046,0.005592,0.004738,0.934924,  17.890,     1.9
   225.0,0.002248,0.000959,0.005549,0.004725,0.938165,  17.900,     1.9
   226.0,0.002127,0.000909,0.005365,0.004128,0.937157,  17.897,     1.9
   227.0,0.002020,0.000890,0.005044,0.004395,0.935794,  17.902,     1.9
   228.0,0.001927,0.000816,0.005142,0.004840,0.934656,  17.890,     1.9
   229.0,0.001828,0.000796,0.004913,0.005221,0.934262,  17.906,     1.9
   230.0,0.001731,0.000751,0.004870,0.005056,0.936292,  17.902,     1.9
   231.0,0.001643,0.000724,0.004687,0.004929,0.939833,  17.901,     1.9
   232.0,0.001573,0.000670,0.004694,0.004204,0.941217,  17.905,     1.9
   233.0,0.001453,0.000651,0.004511,0.004179,0.937904,  17.906,     1.9
   234.0,0.001366,0.000611,0.004328,0.004154,0.938629,  17.907,     1.9
   235.0,0.001300,0.000574,0.004285,0.003811,0.938377,  17.912,     2.0
   236.0,0.001235,0.000533,0.004243,0.003596,0.938042,  17.915,     2.0
   237.0,0.001122,0.000481,0.004064,0.003368,0.934910,  17.921,     2.0
   238.0,0.001050,0.000461,0.003927,0.002938,0.934719,  17.916,     2.0
   239.0,0.000974,0.000429,0.003790,0.002368,0.937108,  17.920,     2.0
   240.0,0.000926,0.000410,0.003653,0.002368,0.939419,  17.922,     2.0
   241.0,0.000849,0.000369,0.003611,0.002433,0.937215,  17.923,     2.0
   242.0,0.000783,0.000363,0.003614,0.002558,0.938965,  17.917,     2.0
   243.0,0.000784,0.000343,0.003478,0.003343,0.939928,  17.919,     2.0
   244.0,0.000739,0.000344,0.003621,0.004179,0.941053,  17.922,     2.0
   245.0,0.000699,0.000337,0.003621,0.005247,0.941870,  17.913,     2.0
   246.0,0.000726,0.000363,0.003530,0.007732,0.937101,  17.931,     2.0
   247.0,0.000751,0.000436,0.003670,0.010578,0.934437,  17.925,     2.1
   248.0,0.000818,0.000520,0.003947,0.015590,0.930251,  17.932,     2.1
   249.0,0.000912,0.000634,0.004223,0.020735,0.935161,  17.932,     2.1
   250.0,0.001119,0.000852,0.004497,0.028081,0.935438,  17.930,     2.1
   251.0,0.001373,0.001100,0.004859,0.041066,0.931613,  17.925,     2.1
   252.0,0.001733,0.001472,0.005825,0.056270,0.928892,  17.928,     2.1
   253.0,0.002399,0.002188,0.007065,0.078275,0.929207,  17.930,     2.1
   254.0,0.003198,0.003026,0.008813,0.117145,0.931151,  17.922,     2.1
   255.0,0.004356,0.004280,0.011213,0.159625,0.932204,  17.920,     2.1
   256.0,0.006492,0.006141,0.015917,0.213389,0.933464,  17.912,     2.1
   257.0,0.008940,0.009076,0.021095,0.273838,0.932474,  17.920,     2.1
   258.0,0.012212,0.012261,0.027822,0.350579,0.932554,  17.908,     2.2
   259.0,0.016503,0.016394,0.037592,0.405216,0.932007,  17.920,     2.2
   260.0,0.022132,0.021664,0.046734,0.453190,0.931467,  17.916,     2.2
   261.0,0.027240,0.026181,0.056125,0.497967,0.935318,  17.915,     2.2
   262.0,0.032783,0.030801,0.067025,0.521376,0.935491,  17.910,     2.2
   263.0,0.038616,0.035380,0.075029,0.538981,0.935163,  17.912,     2.2
   264.0,0.042669,0.038248,0.081342,0.553172,0.935829,  17.915,     2.2
   265.0,0.046004,0.040380,0.086631,0.558580,0.938945,  17.912,     2.2
   266.0,0.048452,0.041706,0.088947,0.561482,0.938142,  17.911,     2.2
   267.0,0.049281,0.041808,0.089335,0.561847,0.938360,  17.910,     2.2
   268.0,0.049185,0.041189,0.087992,0.560300,0.933055,  17.906,     2.2
   269.0,0.048077,0.039793,0.085571,0.556586,0.930418,  17.910,     2.2
   270.0,0.046438,0.038149,0.082223,0.551113,0.931561,  17.907,     2.3
   271.0,0.044179,0.036188,0.077231,0.544570,0.934197,  17.907,     2.3
   272.0,0.041239,0.033743,0.072535,0.536914,0.935291,  17.914,     2.3
   273.0,0.038587,0.031244,0.067853,0.525006,0.934151,  17.913,     2.3
   274.0,0.035607,0.028821,0.061946,0.513504,0.935730,  17.916,     2.3
   275.0,0.032129,0.025990,0.056887,0.498183,0.934544,  17.906,     2.3
   276.0,0.029152,0.023111,0.052024,0.473513,0.933273,  17.907,     2.3
   277.0,0.025819,0.020272,0.046786,0.450566,0.933755,  17.922,     2.3
   278.0,0.021886,0.016952,0.040604,0.424841,0.933883,  17.918,     2.3
   279.0,0.018501,0.013548,0.035740,0.396085,0.933447,  17.923,     2.3
   280.0,0.014904,0.010384,0.030783,0.362763,0.933751,  17.914,     2.3
   281.0,0.010942,0.006971,0.024789,0.334619,0.933875,  17.914,     2.3
   282.0,0.007275,0.004027,0.020713,0.305437,0.932219,  17.911,     2.3
   283.0,0.004338,0.001851,0.017096,0.273782,0.931496,  17.917,     2.4
   284.0,0.001813,0.000353,0.013649,0.250349,0.936073,  17.916,     2.4
   285.0,0.000226,-0.000497,0.011795,0.227676,0.936409,  17.914,     2.4
   286.0,-0.000313,-0.000360,0.010966,0.206091,0.935376,  17.915,     2.4
   287.0,-0.000046,0.000397,0.010922,0.187002,0.934603,  17.912,     2.4
   288.0,0.001070,0.001868,0.011663,0.170988,0.938244,  17.908,     2.4
   289.0,0.002347,0.003251,0.012262,0.154917,0.943825,  17.910,     2.4
   290.0,0.003777,0.004610,0.013235,0.140768,0.948207,  17.909,     2.4
   291.0,0.005350,0.006072,0.014162,0.128941,0.947751,  17.911,     2.4
   292.0,0.006456,0.007056,0.014999,0.117122,0.946939,  17.911,     2.4
   293.0,0.007399,0.007883,0.015885,0.106562,0.948187,  17.909,     2.4
   294.0,0.008285,0.008504,0.016585,0.097657,0.950882,  17.909,     2.5
   295.0,0.008797,0.009000,0.017005,0.089892,0.955080,  17.912,     2.5
   296.0,0.009104,0.009168,0.017332,0.080718,0.958214,  17.912,     2.5
   297.0,0.009219,0.009146,0.017613,0.074108,0.962593,  17.903,     2.5
   298.0,0.009118,0.008893,0.017473,0.068302,0.965085,  17.913,     2.5
   299.0,0.008862,0.008514,0.017287,0.062501,0.962682,  17.916,     2.5
   300.0,0.008450,0.008006,0.016960,0.057418,0.958973,  17.904,     2.5
   301.0,0.007831,0.007285,0.016447,0.052928,0.959805,  17.917,     2.5
   302.0,0.007293,0.006690,0.015934,0.048763,0.964241,  17.914,     2.5
   303.0,0.006696,0.006072,0.015469,0.045247,0.968214,  17.914,     2.5
   304.0,0.005990,0.005342,0.015005,0.041844,0.967826,  17.912,     2.5
   305.0,0.005460,0.004801,0.014821,0.038908,0.963030,  17.913,     2.5
   306.0,0.004963,0.004289,0.014496,0.036688,0.960356,  17.909,     2.5
   307.0,0.004408,0.003837,0.014358,0.034669,0.960437,  17.904,     2.6
   308.0,0.004039,0.003331,0.014312,0.032364,0.959729,  17.904,     2.6
   309.0,0.003713,0.003013,0.014357,0.030262,0.959841,  17.899,     2.6
   310.0,0.003393,0.002723,0.014823,0.028903,0.955016,  17.884,     2.6
   311.0,0.003184,0.002439,0.015287,0.027588,0.952165,  17.872,     2.6
   312.0,0.003033,0.002266,0.016031,0.026047,0.952605,  17.863,     2.6
   313.0,0.002951,0.002139,0.017196,0.025112,0.952159,  17.834,     2.6
   314.0,0.002907,0.002028,0.018644,0.023494,0.946794,  17.802,     2.6
   315.0,0.002935,0.002000,0.020520,0.021740,0.941805,  17.766,     2.6
   316.0,0.003032,0.001984,0.023726,0.020907,0.936741,  17.714,     2.6
   317.0,0.003277,0.002034,0.027813,0.019686,0.936328,  17.675,     2.6
   318.0,0.003639,0.002179,0.033051,0.018019,0.938381,  17.620,     2.7
   319.0,0.004175,0.002444,0.041052,0.016980,0.940892,  17.568,     2.7
   320.0,0.005163,0.002816,0.051560,0.015960,0.937611,  17.521,     2.7
   321.0,0.006210,0.003428,0.064148,0.014455,0.936285,  17.472,     2.7
   322.0,0.007616,0.004108,0.079471,0.013454,0.938126,  17.440,     2.7
   323.0,0.009866,0.005020,0.101912,0.012895,0.937802,  17.408,     2.7
   324.0,0.011982,0.006242,0.123266,0.012367,0.936673,  17.394,     2.7
   325.0,0.014432,0.007329,0.146320,0.011708,0.933102,  17.388,     2.7
   326.0,0.017188,0.008552,0.175293,0.011386,0.937100,  17.388,     2.7
   327.0,0.020406,0.009963,0.199010,0.010596,0.939056,  17.395,     2.7
   328.0,0.023011,0.011046,0.221245,0.010086,0.935102,  17.423,     2.7
   329.0,0.025526,0.012051,0.244499,0.009385,0.940722,  17.451,     2.7
   330.0,0.027999,0.013024,0.260424,0.009039,0.943919,  17.492,     2.8
   331.0,0.029590,0.013610,0.272575,0.008340,0.944205,  17.533,     2.8
   332.0,0.030859,0.014007,0.281989,0.007846,0.944079,  17.584,     2.8
   333.0,0.031744,0.014241,0.285680,0.007311,0.944236,  17.631,     2.8
   334.0,0.031955,0.014219,0.285773,0.006527,0.945066,  17.679,     2.8
   335.0,0.031762,0.014036,0.282331,0.005542,0.947517,  17.724,     2.8
   336.0,0.031113,0.013646,0.274526,0.004948,0.947924,  17.773,     2.8
   337.0,0.030220,0.013118,0.265706,0.004670,0.944762,  17.802,     2.8
   338.0,0.029067,0.012551,0.254782,0.003953,0.943749,  17.840,     2.8
   339.0,0.027560,0.011839,0.239640,0.003538,0.937380,  17.879,     2.8
   340.0,0.025932,0.011086,0.226563,0.003288,0.936580,  17.896,     2.8
   341.0,0.024366,0.010360,0.212554,0.002222,0.942440,  17.919,     2.8
   342.0,0.022542,0.009543,0.195275,0.001822,0.940077,  17.930,     2.8
   343.0,0.020808,0.008774,0.181845,0.001334,0.937827,  17.940,     2.9
   344.0,0.019229,0.008061,0.168203,0.000459,0.934092,  17.947,     2.9
   345.0,0.017525,0.007316,0.152270,0.000312,0.935158,  17.956,     2.9
   346.0,0.015921,0.006635,0.140256,-0.000086,0.936590,  17.956,     2.9
   347.0,0.014555,0.006054,0.128779,-0.000596,0.934357,  17.952,     2.9
   348.0,0.013135,0.005470,0.115522,-0.000982,0.934361,  17.953,     2.9
   349.0,0.011864,0.004924,0.105953,-0.001544,0.937819,  17.948,     2.9
   350.0,0.010763,0.004466,0.096645,-0.002304,0.941097,  17.942,     2.9
   351.0,0.009665,0.004042,0.088338,-0.002426,0.939541,  17.931,     2.9
   352.0,0.008719,0.003601,0.078956,-0.002371,0.935699,  17.937,     2.9
   353.0,0.007887,0.003281,0.072365,-0.002404,0.936844,  17.929,     2.9
   354.0,0.007151,0.002981,0.066029,-0.002437,0.940400,  17.929,     3.0
   355.0,0.006360,0.002640,0.059160,-0.002888,0.942199,  17.922,     3.0
   356.0,0.005754,0.002398,0.054234,-0.003184,0.943135,  17.921,     3.0
   357.0,0.005255,0.002178,0.049747,-0.003393,0.944525,  17.915,     3.0
   358.0,0.004683,0.001944,0.044715,-0.003316,0.946592,  17.913,     3.0
   359.0,0.004254,0.001769,0.041118,-0.003876,0.949412,  17.916,     3.0
   360.0,0.003856,0.001593,0.037887,-0.003644,0.947454,  17.919,     3.0
   361.0,0.003444,0.001446,0.034106,-0.004006,0.942643,  17.911,     3.0
   362.0,0.003142,0.001275,0.031696,-0.004028,0.944637,  17.919,     3.0
   363.0,0.002861,0.001170,0.029256,-0.004566,0.947494,  17.918,     3.0
   364.0,0.002554,0.001064,0.027018,-0.004489,0.949461,  17.922,     3.0
   365.0,0.002331,0.000946,0.024837,-0.004587,0.950458,  17.919,     3.0
   366.0,0.002140,0.000832,0.023094,-0.004629,0.950513,  17.925,     3.0
   367.0,0.001970,0.000751,0.021404,-0.004475,0.948345,  17.914,     3.1
   368.0,0.001753,0.000691,0.019767,-0.004836,0.946969,  17.918,     3.1
   369.0,0.001619,0.000643,0.018416,-0.004397,0.949530,  17.923,     3.1
   370.0,0.001469,0.000557,0.017254,-0.004836,0.953441,  17.922,     3.1
   371.0,0.001331,0.000485,0.016096,-0.005121,0.955317,  17.916,     3.1
   372.0,0.001234,0.000457,0.015357,-0.005219,0.951953,  17.919,     3.1
   373.0,0.001132,0.000430,0.014389,-0.005131,0.953846,  17.915,     3.1
   374.0,0.001042,0.000378,0.013561,-0.005240,0.950379,  17.914,     3.1
   375.0,0.000976,0.000337,0.012826,-0.005514,0.950608,  17.910,     3.1
   376.0,0.000905,0.000297,0.012091,-0.005953,0.951062,  17.911,     3.1
   377.0,0.000814,0.000290,0.011451,-0.005798,0.950491,  17.912,     3.1
   378.0,0.000770,0.000254,0.010996,-0.005534,0.945627,  17.913,     3.2
   379.0,0.000714,0.000235,0.010539,-0.005720,0.943467,  17.911,     3.2
   380.0,0.000670,0.000215,0.009991,-0.005643,0.942093,  17.911,     3.2
   381.0,0.000615,0.000195,0.009581,-0.005555,0.942256,  17.915,     3.2
   382.0,0.000581,0.000159,0.009219,-0.005860,0.943021,  17.912,     3.2
   383.0,0.000541,0.000152,0.008996,-0.005596,0.943737,  17.916,     3.2
   384.0,0.000502,0.000141,0.008585,-0.005684,0.941753,  17.916,     3.2
   385.0,0.000467,0.000137,0.008174,-0.005694,0.937173,  17.918,     3.2
   386.0,0.000433,0.000097,0.007949,-0.006309,0.936830,  17.913,     3.2
   387.0,0.000426,0.000081,0.007818,-0.006056,0.939688,  17.915,     3.2
   388.0,0.000402,0.000070,0.007499,-0.006153,0.938280,  17.915,     3.2
   389.0,0.000378,0.000062,0.007275,-0.005978,0.935455,  17.919,     3.2
   390.0,0.000338,0.000067,0.007096,-0.006339,0.937093,  17.921,     3.3
   391.0,0.000336,0.000060,0.006870,-0.006262,0.937456,  17.926,     3.3
   392.0,0.000322,0.000061,0.006644,-0.006086,0.935175,  17.927,     3.3
   393.0,0.000304,0.000045,0.006604,-0.006359,0.934252,  17.926,     3.3
   394.0,0.000291,0.000059,0.006330,-0.006457,0.933167,  17.929,     3.3
   395.0,0.000261,0.000051,0.006243,-0.006359,0.933558,  17.920,     3.3
   396.0,0.000258,0.000048,0.006017,-0.006808,0.931530,  17.932,     3.3
   397.0,0.000251,0.000036,0.005885,-0.006555,0.931097,  17.929,     3.3
   398.0,0.000226,0.000037,0.005795,-0.006555,0.929589,  17.935,     3.3
   399.0,0.000234,0.000062,0.005660,-0.006565,0.935590,  17.936,     3.3
   400.0,0.000231,0.000054,0.005479,-0.006585,0.934140,  17.936,     3.3
   401.0,0.000228,0.000063,0.005344,-0.006673,0.932198,  17.935,     3.3
   402.0,0.000225,0.000056,0.005257,-0.006595,0.931673,  17.943,     3.3
   403.0,0.000206,0.000052,0.005122,-0.006585,0.934792,  17.942,     3.4
   404.0,0.000213,0.000061,0.004939,-0.006683,0.935147,  17.940,     3.4
   405.0,0.000205,0.000070,0.004942,-0.007044,0.934574,  17.940,     3.4
   406.0,0.000207,0.000079,0.005038,-0.007044,0.931824,  17.939,     3.4
   407.0,0.000209,0.000092,0.004903,-0.007054,0.930163,  17.934,     3.4
   408.0,0.000201,0.000092,0.004858,-0.006811,0.930614,  17.933,     3.4
   409.0,0.000203,0.000110,0.004861,-0.006460,0.931790,  17.935,     3.4
   410.0,0.000194,0.000131,0.004727,-0.006899,0.931375,  17.931,     3.4
   411.0,0.000191,0.000119,0.004682,-0.006909,0.929434,  17.932,     3.4
   412.0,0.000204,0.000107,0.004685,-0.006986,0.929673,  17.934,     3.4
   413.0,0.000201,0.000096,0.004457,-0.007162,0.929244,  17.930,     3.4
   414.0,0.000208,0.000109,0.004412,-0.007698,0.930008,  17.934,     3.5
   415.0,0.000210,0.000122,0.004508,-0.007172,0.929152,  17.928,     3.5
   416.0,0.000201,0.000118,0.004511,-0.007182,0.933715,  17.928,     3.5
   417.0,0.000204,0.000131,0.004515,-0.006919,0.933790,  17.926,     3.5
   418.0,0.000195,0.000128,0.004422,-0.007026,0.933240,  17.927,     3.5
   419.0,0.000197,0.000124,0.004332,-0.006929,0.930299,  17.932,     3.5
   420.0,0.000199,0.000133,0.004380,-0.006919,0.928439,  17.927,     3.5
   421.0,0.000212,0.000134,0.004290,-0.007201,0.924408,  17.928,     3.5
   422.0,0.000213,0.000122,0.004245,-0.007191,0.926593,  17.928,     3.5
   423.0,0.000200,0.000127,0.004156,-0.007299,0.927050,  17.920,     3.5
   424.0,0.000191,0.000119,0.004204,-0.007221,0.924966,  17.932,     3.5
   425.0,0.000193,0.000132,0.004159,-0.007474,0.922608,  17.933,     3.5
   426.0,0.000217,0.000120,0.004207,-0.007319,0.925165,  17.934,     3.5
   427.0,0.000208,0.000117,0.004117,-0.006881,0.924877,  17.934,     3.6
   428.0,0.000204,0.000109,0.004073,-0.007562,0.926980,  17.932,     3.6
   429.0,0.000202,0.000126,0.003983,-0.007406,0.929814,  17.938,     3.6
   430.0,0.000198,0.000118,0.004031,-0.007406,0.929301,  17.941,     3.6
   431.0,0.000221,0.000127,0.004124,-0.007163,0.928101,  17.936,     3.6
   432.0,0.000218,0.000120,0.004034,-0.007163,0.928794,  17.937,     3.6
   433.0,0.000235,0.000137,0.003989,-0.007163,0.928744,  17.942,     3.6
   434.0,0.000211,0.000137,0.003945,-0.007096,0.927957,  17.935,     3.6
   435.0,0.000223,0.000126,0.003900,-0.006998,0.930829,  17.940,     3.6
   436.0,0.000220,0.000139,0.003948,-0.007086,0.932822,  17.938,     3.6
   437.0,0.000201,0.000147,0.003903,-0.007086,0.931877,  17.934,     3.6
   438.0,0.000213,0.000144,0.003766,-0.007339,0.927189,  17.933,     3.7
   439.0,0.000226,0.000149,0.003769,-0.007348,0.928644,  17.922,     3.7
   440.0,0.000228,0.000153,0.003817,-0.007193,0.930298,  17.924,     3.7
   441.0,0.000225,0.000166,0.003910,-0.007281,0.929608,  17.925,     3.7
   442.0,0.000226,0.000158,0.003820,-0.007271,0.930147,  17.924,     3.7
   443.0,0.000222,0.000179,0.003727,-0.007183,0.929385,  17.921,     3.7
   444.0,0.000240,0.000176,0.003779,-0.007611,0.927950,  17.924,     3.7
   445.0,0.000221,0.000180,0.003827,-0.007456,0.926241,  17.919,     3.7
   446.0,0.000238,0.000177,0.003871,-0.007378,0.927641,  17.919,     3.7
   447.0,0.000230,0.000198,0.003779,-0.007388,0.926859,  17.917,     3.7
   448.0,0.000231,0.000182,0.003737,-0.007310,0.926367,  17.917,     3.7
   449.0,0.000233,0.000179,0.003693,-0.007058,0.926811,  17.909,     3.7
   450.0,0.000240,0.000188,0.003600,-0.006961,0.928005,  17.911,     3.8
   451.0,0.000236,0.000192,0.003696,-0.007388,0.925535,  17.911,     3.8
   452.0,0.000249,0.000197,0.003741,-0.007485,0.929504,  17.913,     3.8
   453.0,0.000251,0.000189,0.003607,-0.007583,0.933005,  17.912,     3.8
   454.0,0.000252,0.000194,0.003699,-0.007485,0.935087,  17.914,     3.8
   455.0,0.000271,0.000199,0.003655,-0.007233,0.931908,  17.910,     3.8
   456.0,0.000267,0.000191,0.003840,-0.007068,0.926633,  17.912,     3.8
   457.0,0.000257,0.000187,0.003658,-0.007495,0.924508,  17.907,     3.8
   458.0,0.000275,0.000200,0.003658,-0.007330,0.924990,  17.910,     3.8
   459.0,0.000272,0.000200,0.003613,-0.007155,0.924606,  17.907,     3.8
   460.0,0.000284,0.000209,0.003706,-0.007690,0.926752,  17.908,     3.8
   461.0,0.000285,0.000214,0.003706,-0.007612,0.926405,  17.909,     3.8
   462.0,0.000282,0.000227,0.003569,-0.006903,0.924563,  17.910,     3.8
   463.0,0.000278,0.000215,0.003617,-0.007350,0.922662,  17.909,     3.9
   464.0,0.000296,0.000232,0.003664,-0.007253,0.923478,  17.913,     3.9
   465.0,0.000303,0.000224,0.003483,-0.007427,0.926013,  17.911,     3.9
   466.0,0.000299,0.000229,0.003527,-0.007602,0.926889,  17.902,     3.9
   467.0,0.000306,0.000241,0.003623,-0.007787,0.924845,  17.918,     3.9
   468.0,0.000302,0.000250,0.003716,-0.007699,0.923770,  17.912,     3.9
   469.0,0.000314,0.000234,0.003671,-0.007699,0.923633,  17.916,     3.9
   470.0,0.000322,0.000263,0.003626,-0.007884,0.924215,  17.914,     3.9
   471.0,0.000339,0.000256,0.003626,-0.007282,0.925367,  17.905,     3.9
   472.0,0.000346,0.000281,0.003719,-0.007447,0.927425,  17.910,     3.9
   473.0,0.000347,0.000265,0.003674,-0.007806,0.929102,  17.908,     3.9
   474.0,0.000365,0.000278,0.003674,-0.007719,0.927662,  17.909,     4.0
   475.0,0.000361,0.000274,0.003767,-0.007544,0.926936,  17.906,     4.0
   476.0,0.000367,0.000274,0.003678,-0.007467,0.925988,  17.907,     4.0
   477.0,0.000375,0.000291,0.003630,-0.007544,0.927185,  17.904,     4.0
   478.0,0.000376,0.000279,0.003633,-0.007292,0.925330,  17.908,     4.0
   479.0,0.000383,0.000283,0.003818,-0.007651,0.923155,  17.908,     4.0
   480.0,0.000395,0.000292,0.003773,-0.007641,0.922468,  17.906,     4.0
   481.0,0.000396,0.000301,0.003636,-0.007816,0.924597,  17.902,     4.0
   482.0,0.000408,0.000293,0.003684,-0.007564,0.928340,  17.900,     4.0
   483.0,0.000416,0.000302,0.003729,-0.007729,0.928939,  17.902,     4.0
   484.0,0.000428,0.000335,0.003636,-0.007913,0.928227,  17.903,     4.0
   485.0,0.000418,0.000331,0.003732,-0.008448,0.930144,  17.901,     4.0
   486.0,0.000441,0.000344,0.003732,-0.008088,0.931837,  17.902,     4.1
   487.0,0.000437,0.000336,0.003595,-0.008195,0.933608,  17.898,     4.1
   488.0,0.000427,0.000344,0.003780,-0.007768,0.928670,  17.899,     4.1
   489.0,0.000450,0.000328,0.003780,-0.007846,0.926016,  17.903,     4.1
   490.0,0.000457,0.000345,0.003735,-0.008108,0.924536,  17.901,     4.1
   491.0,0.000464,0.000354,0.003783,-0.007865,0.921063,  17.899,     4.1
   492.0,0.000465,0.000362,0.003691,-0.007758,0.922504,  17.902,     4.1
   493.0,0.000456,0.000375,0.003783,-0.007234,0.924316,  17.900,     4.1
   494.0,0.000458,0.000368,0.003831,-0.007690,0.922819,  17.904,     4.1
   495.0,0.000474,0.000380,0.003831,-0.007526,0.924448,  17.897,     4.1
   496.0,0.000497,0.000380,0.003787,-0.007768,0.929359,  17.902,     4.1
   497.0,0.000493,0.000385,0.003790,-0.007351,0.929560,  17.905,     4.1
   498.0,0.000505,0.000385,0.003697,-0.008040,0.928454,  17.903,     4.2
   499.0,0.000528,0.000418,0.003745,-0.008040,0.926238,  17.904,     4.2
   500.0,0.000508,0.000410,0.003838,-0.007865,0.926672,  17.903,     4.2
   501.0,0.000525,0.000411,0.003838,-0.007787,0.929635,  17.904,     4.2
   502.0,0.000521,0.000416,0.003838,-0.007613,0.932344,  17.904,     4.2
   503.0,0.000518,0.000424,0.003749,-0.007720,0.928097,  17.908,     4.2
   504.0,0.000524,0.000432,0.003885,-0.007981,0.926932,  17.908,     4.2
   505.0,0.000536,0.000437,0.003796,-0.008137,0.928170,  17.902,     4.2
   506.0,0.000542,0.000445,0.003752,-0.007865,0.928715,  17.901,     4.2
   507.0,0.000544,0.000438,0.003796,-0.007884,0.927180,  17.902,     4.2
   508.0,0.000540,0.000446,0.003752,-0.008321,0.926058,  17.907,     4.2
   509.0,0.000568,0.000442,0.003711,-0.007981,0.926994,  17.901,     4.2
   510.0,0.000563,0.000455,0.003711,-0.007894,0.927520,  17.902,     4.3
   511.0,0.000581,0.000456,0.003711,-0.008059,0.928467,  17.903,     4.3
   512.0,0.000582,0.000472,0.003758,-0.008069,0.932531,  17.904,     4.3
   513.0,0.000573,0.000477,0.003622,-0.007642,0.929541,  17.908,     4.3
   514.0,0.000601,0.000481,0.003666,-0.008001,0.925984,  17.904,     4.3
   515.0,0.000613,0.000477,0.003806,-0.008078,0.925038,  17.906,     4.3
   516.0,0.000619,0.000490,0.003762,-0.008078,0.928637,  17.904,     4.3
   517.0,0.000610,0.000498,0.003854,-0.008263,0.927457,  17.906,     4.3
   518.0,0.000606,0.000503,0.003809,-0.008175,0.925525,  17.908,     4.3
   519.0,0.000624,0.000507,0.003628,-0.008350,0.923910,  17.911,     4.3
   520.0,0.000624,0.000524,0.003765,-0.008272,0.923163,  17.905,     4.3
   521.0,0.000626,0.000508,0.003720,-0.008185,0.919702,  17.907,     4.3
   522.0,0.000622,0.000520,0.003673,-0.008098,0.918094,  17.912,     4.3
   523.0,0.000654,0.000525,0.003720,-0.008272,0.918505,  17.908,     4.4
   524.0,0.000661,0.000513,0.003768,-0.008447,0.920224,  17.911,     4.4
   525.0,0.000662,0.000509,0.003720,-0.008272,0.926875,  17.907,     4.4
   526.0,0.000680,0.000542,0.003813,-0.008175,0.929654,  17.915,     4.4
   527.0,0.000675,0.000547,0.003905,-0.008185,0.924793,  17.914,     4.4
   528.0,0.000693,0.000559,0.003727,-0.008117,0.923095,  17.914,     4.4
   529.0,0.000678,0.000564,0.003864,-0.008001,0.925328,  17.913,     4.4
   530.0,0.000690,0.000564,0.003727,-0.007749,0.925008,  17.913,     4.4
   531.0,0.000696,0.000580,0.003822,-0.007933,0.926996,  17.911,     4.4
   532.0,0.000713,0.000593,0.003822,-0.008020,0.926996,  17.902,     4.4
   533.0,0.000703,0.000585,0.003730,-0.007856,0.923545,  17.914,     4.4
   534.0,0.000731,0.000593,0.003822,-0.008127,0.924837,  17.909,     4.4
   535.0,0.000743,0.000606,0.003826,-0.007943,0.925977,  17.914,     4.5
   536.0,0.000723,0.000590,0.003870,-0.007594,0.925980,  17.914,     4.5
   537.0,0.000719,0.000615,0.003826,-0.007952,0.927009,  17.915,     4.5
   538.0,0.000742,0.000599,0.003870,-0.007594,0.927329,  17.917,     4.5
   539.0,0.000748,0.000615,0.003826,-0.007788,0.926869,  17.927,     4.5
   540.0,0.000749,0.000608,0.003737,-0.007865,0.932375,  17.921,     4.5
   541.0,0.000771,0.000633,0.003737,-0.008030,0.931271,  17.922,     4.5
   542.0,0.000767,0.000637,0.003692,-0.008146,0.926103,  17.919,     4.5
   543.0,0.000779,0.000650,0.003740,-0.008146,0.925714,  17.922,     4.5
   544.0,0.000780,0.000658,0.003832,-0.007875,0.927462,  17.927,     4.5
   545.0,0.000792,0.000638,0.003832,-0.008398,0.925772,  17.920,     4.5
   546.0,0.000772,0.000638,0.003788,-0.008233,0.925050,  17.930,     4.6
   547.0,0.000778,0.000647,0.003832,-0.008127,0.926257,  17.932,     4.6
   548.0,0.000790,0.000639,0.003880,-0.008137,0.930379,  17.932,     4.6
   549.0,0.000797,0.000643,0.003928,-0.008156,0.931965,  17.931,     4.6
   550.0,0.000813,0.000688,0.003972,-0.008049,0.930651,  17.932,     4.6
   551.0,0.000824,0.000693,0.003880,-0.008233,0.929443,  17.932,     4.6
   552.0,0.000831,0.000705,0.003883,-0.008330,0.929331,  17.934,     4.6
   553.0,0.000843,0.000714,0.003883,-0.008408,0.927943,  17.923,     4.6
   554.0,0.000849,0.000714,0.003747,-0.008156,0.925309,  17.927,     4.6
   555.0,0.000845,0.000710,0.003794,-0.008166,0.923254,  17.932,     4.6
   556.0,0.000836,0.000710,0.003750,-0.008349,0.923544,  17.931,     4.6
   557.0,0.000831,0.000694,0.003705,-0.008262,0.922955,  17.934,     4.6
   558.0,0.000843,0.000699,0.003890,-0.008592,0.924397,  17.925,     4.7
   559.0,0.000860,0.000695,0.003845,-0.008340,0.926900,  17.931,     4.7
   560.0,0.000856,0.000707,0.003801,-0.008427,0.926531,  17.925,     4.7
   561.0,0.000852,0.000720,0.003893,-0.008427,0.925085,  17.930,     4.7
   562.0,0.000853,0.000712,0.003801,-0.008349,0.923519,  17.929,     4.7
   563.0,0.000881,0.000741,0.003756,-0.008349,0.924997,  17.926,     4.7
   564.0,0.000892,0.000725,0.003848,-0.008185,0.927089,  17.926,     4.7
   565.0,0.000898,0.000742,0.003756,-0.008446,0.926566,  17.927,     4.7
   566.0,0.000904,0.000766,0.003756,-0.008262,0.927733,  17.928,     4.7
   567.0,0.000921,0.000750,0.003804,-0.008272,0.928110,  17.930,     4.7
   568.0,0.000916,0.000758,0.003760,-0.008107,0.926009,  17.930,     4.7
   569.0,0.000929,0.000754,0.003852,-0.007924,0.922208,  17.931,     4.7
   570.0,0.000929,0.000767,0.003852,-0.007837,0.923667,  17.930,     4.8
   571.0,0.000941,0.000775,0.003715,-0.008020,0.927046,  17.926,     4.8
   572.0,0.000958,0.000775,0.003763,-0.008185,0.931136,  17.927,     4.8
   573.0,0.000943,0.000784,0.003899,-0.007856,0.931213,  17.931,     4.8
   574.0,0.000933,0.000796,0.003763,-0.008446,0.928478,  17.932,     4.8
   575.0,0.000956,0.000809,0.003899,-0.008194,0.928826,  17.930,     4.8
   576.0,0.000973,0.000797,0.003903,-0.008194,0.929285,  17.927,     4.8
   577.0,0.000963,0.000805,0.003811,-0.008301,0.929671,  17.926,     4.8
   578.0,0.000975,0.000818,0.003903,-0.008475,0.929478,  17.932,     4.8
   579.0,0.000960,0.000806,0.003906,-0.008117,0.929184,  17.930,     4.8
   580.0,0.000982,0.000827,0.003814,-0.008127,0.925630,  17.930,     4.8
   581.0,0.000999,0.000843,0.003814,-0.008127,0.924761,  17.932,     4.8
   582.0,0.001005,0.000831,0.003861,-0.008117,0.923770,  17.919,     4.8
   583.0,0.001011,0.000823,0.003769,-0.008301,0.922250,  17.923,     4.9
   584.0,0.001007,0.000827,0.003906,-0.008301,0.925781,  17.923,     4.9
   585.0,0.001003,0.000824,0.003865,-0.008194,0.928836,  17.925,     4.9
   586.0,0.001004,0.000808,0.003909,-0.008214,0.927959,  17.923,     4.9
   587.0,0.001021,0.000812,0.003957,-0.008214,0.926102,  17.924,     4.9
   588.0,0.001027,0.000833,0.003957,-0.007866,0.925016,  17.924,     4.9
   589.0,0.001018,0.000837,0.004001,-0.007875,0.928068,  17.926,     4.9
   590.0,0.001029,0.000829,0.003868,-0.008223,0.927809,  17.925,     4.9
   591.0,0.001040,0.000849,0.003868,-0.008494,0.923898,  17.935,     4.9
   592.0,0.001031,0.000854,0.003912,-0.008146,0.922235,  17.938,     4.9
   593.0,0.001048,0.000850,0.003868,-0.007711,0.920630,  17.935,     4.9
   594.0,0.001044,0.000859,0.003960,-0.007798,0.924041,  17.947,     4.9
   595.0,0.001039,0.000871,0.003915,-0.008049,0.926653,  17.950,     5.0
   596.0,0.001061,0.000867,0.003963,-0.008156,0.929918,  17.953,     5.0
   597.0,0.001067,0.000867,0.003919,-0.008059,0.931242,  17.952,     5.0
   598.0,0.001068,0.000863,0.003915,-0.008146,0.931731,  17.961,     5.0
   599.0,0.001074,0.000896,0.003919,-0.008146,0.931372,  17.955,     5.0
   600.0,0.001091,0.000896,0.004011,-0.008146,0.932073,  17.962,     5.0
   601.0,0.001097,0.000901,0.003874,-0.008233,0.929538,  17.966,     5.0
   602.0,0.001098,0.000905,0.003966,-0.008843,0.928180,  17.967,     5.0
   603.0,0.001089,0.000905,0.003922,-0.008407,0.925840,  17.969,     5.0
   604.0,0.001095,0.000922,0.003830,-0.008243,0.927891,  17.971,     5.0
   605.0,0.001107,0.000926,0.003922,-0.008156,0.931662,  17.969,     5.0
   606.0,0.001112,0.000930,0.004014,-0.008233,0.930329,  17.962,     5.1
   607.0,0.001108,0.000939,0.003878,-0.008513,0.929284,  17.965,     5.1
   608.0,0.001125,0.000935,0.003922,-0.008262,0.927697,  17.962,     5.1
   609.0,0.001126,0.000907,0.003925,-0.008165,0.930092,  17.962,     5.1
   610.0,0.001127,0.000931,0.003925,-0.008165,0.928747,  17.965,     5.1
   611.0,0.001144,0.000944,0.003881,-0.007991,0.928038,  17.957,     5.1
   612.0,0.001123,0.000932,0.003973,-0.008339,0.929439,  17.961,     5.1
   613.0,0.001124,0.000936,0.003973,-0.008262,0.930659,  17.961,     5.1
   614.0,0.001135,0.000940,0.004020,-0.008349,0.929083,  17.956,     5.1
   615.0,0.001142,0.000965,0.003928,-0.008175,0.932389,  17.954,     5.1
   616.0,0.001153,0.000965,0.004068,-0.008445,0.932327,  17.946,     5.1
   617.0,0.001160,0.000970,0.004023,-0.008619,0.929351,  17.947,     5.1
   618.0,0.001176,0.000957,0.004068,-0.008610,0.927072,  17.953,     5.2
   619.0,0.001166,0.000958,0.004068,-0.008523,0.924605,  17.954,     5.2
   620.0,0.001178,0.000958,0.004023,-0.007914,0.925079,  17.954,     5.2
   621.0,0.001178,0.000950,0.004023,-0.008271,0.927175,  17.952,     5.2
   622.0,0.001205,0.000958,0.004023,-0.008455,0.928360,  17.958,     5.2
   623.0,0.001201,0.000991,0.004023,-0.008271,0.930614,  17.956,     5.2
   624.0,0.001207,0.000983,0.004115,-0.008445,0.930200,  17.952,     5.2
   625.0,0.001203,0.000983,0.004071,-0.008271,0.925394,  17.957,     5.2
   626.0,0.001204,0.000987,0.003982,-0.008262,0.928245,  17.957,     5.2
   627.0,0.001215,0.000983,0.003982,-0.008532,0.931569,  17.954,     5.2
   628.0,0.001227,0.001000,0.004074,-0.008445,0.928281,  17.959,     5.2
   629.0,0.001233,0.000988,0.004166,-0.008358,0.925914,  17.958,     5.2
   630.0,0.001239,0.000992,0.004166,-0.007933,0.926152,  17.956,     5.3
   631.0,0.001234,0.001004,0.004122,-0.008378,0.926551,  17.953,     5.3
   632.0,0.001251,0.001005,0.004122,-0.008464,0.928458,  17.956,     5.3
   633.0,0.001257,0.001013,0.004077,-0.008464,0.923401,  17.955,     5.3
   634.0,0.001258,0.001017,0.004077,-0.008378,0.923411,  17.953,     5.3
