Run Name,20220915_dsnPPR10_1Cy3_2AF_15delay
Run Date,04:26:35 PM   09-16-22
Method Name,0.5 ml / min 100 uL inject 4WL FRET
Export Format Version, 1.00
Method ID,  924
Points/Second, 1.00
Number of Records,    641
Offset from Run Start Time,00:00:00
Run End Time,00:10:41
Time,Second
QuadTec 1, (280.0 nm), AU
QuadTec 2, (260.0 nm), AU
Gradient Pump,<Not Selected>
QuadTec 3, (550.0 nm), AU
QuadTec 4, (650.0 nm), AU
UV,AU
Conductivity,mS/cm
GP Pressure,<Not Selected>
Volume,ml
Fraction,<Not Available>
Time,QuadTec 1,QuadTec 2,QuadTec 3,QuadTec 4,UV,Conductivity,Volume
     0.0,0.002705,0.002401,0.004781,-0.008375,0.908572,  17.930,     0.0
     1.0,0.002700,0.002373,0.004781,-0.008375,0.908737,  17.931,     0.0
     2.0,0.002696,0.002382,0.004690,-0.008289,0.909850,  17.930,     0.0
     3.0,0.002687,0.002370,0.004690,-0.008548,0.910321,  17.928,     0.0
     4.0,0.002672,0.002370,0.004737,-0.008644,0.908643,  17.930,     0.0
     5.0,0.002662,0.002338,0.004646,-0.008299,0.909819,  17.929,     0.0
     6.0,0.000000,0.002334,0.004690,-0.008049,0.910115,  17.925,     0.1
     7.0,0.000021,0.002330,0.004784,-0.008116,0.910318,  17.932,     0.1
     8.0,0.000021,0.000000,0.004787,0.000086,0.911329,  17.929,     0.1
     9.0,0.000036,0.000004,-0.000135,-0.000681,0.912459,  17.930,     0.1
    10.0,0.000042,-0.000016,-0.000091,-0.001545,0.912714,  17.931,     0.1
    11.0,0.000042,-0.000020,-0.000138,-0.001026,0.913141,  17.928,     0.1
    12.0,0.000037,-0.000020,-0.000047,-0.000508,0.910895,  17.921,     0.1
    13.0,0.000038,-0.000012,0.000044,-0.000853,0.910454,  17.927,     0.1
    14.0,0.000033,0.000008,0.000088,-0.000853,0.906943,  17.924,     0.1
    15.0,0.000034,-0.000000,0.000044,-0.000853,0.904241,  17.925,     0.1
    16.0,0.000050,-0.000024,-0.000088,-0.000776,0.902664,  17.921,     0.1
    17.0,0.000035,-0.000012,-0.000044,-0.000949,0.904043,  17.916,     0.1
    18.0,0.000051,-0.000016,0.000000,-0.000959,0.905058,  17.915,     0.2
    19.0,0.000051,-0.000015,-0.000088,-0.000776,0.904143,  17.911,     0.2
    20.0,0.000041,-0.000015,-0.000044,-0.000776,0.908825,  17.915,     0.2
    21.0,0.000047,-0.000019,-0.000044,-0.001103,0.911419,  17.909,     0.2
    22.0,0.000052,-0.000011,0.000003,-0.001026,0.910997,  17.913,     0.2
    23.0,0.000053,-0.000019,-0.000044,-0.001026,0.908936,  17.914,     0.2
    24.0,0.000048,-0.000011,-0.000088,-0.001035,0.907588,  17.905,     0.2
    25.0,0.000038,-0.000011,-0.000041,-0.000700,0.909266,  17.910,     0.2
    26.0,0.000054,-0.000015,-0.000132,-0.000690,0.907788,  17.911,     0.2
    27.0,0.000059,-0.000015,-0.000132,-0.000604,0.908295,  17.907,     0.2
    28.0,0.000065,0.000001,-0.000085,-0.000949,0.907881,  17.913,     0.2
    29.0,0.000076,-0.000003,-0.000176,-0.000949,0.908152,  17.912,     0.2
    30.0,0.000102,-0.000010,-0.000176,-0.000863,0.911320,  17.905,     0.3
    31.0,0.000087,0.000014,0.000006,-0.000700,0.913296,  17.916,     0.3
    32.0,0.000077,0.000014,-0.000085,-0.000517,0.913036,  17.918,     0.3
    33.0,0.000067,0.000002,0.000050,-0.000527,0.909768,  17.906,     0.3
    34.0,0.000062,0.000010,-0.000038,-0.000096,0.908599,  17.922,     0.3
    35.0,0.000073,-0.000002,-0.000085,-0.000259,0.913541,  17.921,     0.3
    36.0,0.000083,-0.000002,0.000009,-0.000441,0.913513,  17.920,     0.3
    37.0,0.000094,-0.000006,0.000053,-0.000604,0.909833,  17.917,     0.3
    38.0,0.000110,0.000002,0.000006,-0.000604,0.907658,  17.920,     0.3
    39.0,0.000120,0.000026,0.000053,-0.000508,0.910763,  17.915,     0.3
    40.0,0.000095,0.000030,0.000053,-0.000508,0.911343,  17.908,     0.3
    41.0,0.000106,0.000014,0.000144,-0.000613,0.909529,  17.925,     0.3
    42.0,0.000111,0.000023,0.000053,-0.000795,0.904340,  17.930,     0.3
    43.0,0.000152,0.000034,0.000009,-0.000450,0.905310,  17.934,     0.4
    44.0,0.000177,0.000026,0.000009,-0.000700,0.904927,  17.925,     0.4
    45.0,0.000213,0.000098,0.000190,-0.000700,0.904911,  17.928,     0.4
    46.0,0.000358,0.000070,0.000190,-0.000527,0.904190,  17.940,     0.4
    47.0,0.000410,0.000486,0.000056,-0.000671,0.903237,  17.936,     0.4
    48.0,0.000325,0.000645,0.000190,-0.000508,0.906946,  17.931,     0.4
    49.0,0.000250,0.000447,0.000056,-0.000604,0.907618,  17.928,     0.4
    50.0,0.000190,0.000292,-0.000079,-0.000709,0.909668,  17.936,     0.4
    51.0,0.000170,0.000189,0.000103,-0.000536,0.912490,  17.935,     0.4
    52.0,0.000160,0.000130,0.000103,-0.000623,0.910812,  17.933,     0.4
    53.0,0.000151,0.000095,0.000012,-0.000105,0.906069,  17.939,     0.4
    54.0,0.000146,0.000083,0.000103,-0.000536,0.906788,  17.939,     0.4
    55.0,0.000141,0.000059,0.000059,-0.000536,0.907309,  17.945,     0.5
    56.0,0.000147,0.000063,0.000012,-0.000536,0.908567,  17.945,     0.5
    57.0,0.000142,0.000051,0.000103,-0.000718,0.908712,  17.947,     0.5
    58.0,0.000132,0.000067,0.000059,-0.000364,0.904369,  17.956,     0.5
    59.0,0.000127,0.000055,-0.000032,-0.000709,0.905221,  17.957,     0.5
    60.0,0.000133,0.000068,0.000015,-0.001313,0.905649,  17.962,     0.5
    61.0,0.000139,0.000072,0.000015,-0.000709,0.907947,  17.957,     0.5
    62.0,0.000144,0.000056,0.000150,-0.000546,0.905475,  17.965,     0.5
    63.0,0.000144,0.000048,0.000106,-0.000632,0.906332,  17.965,     0.5
    64.0,0.000139,0.000032,0.000106,-0.000795,0.910945,  17.966,     0.5
    65.0,0.000155,0.000044,0.000152,-0.000814,0.911238,  17.953,     0.5
    66.0,0.000171,0.000064,0.000106,-0.000891,0.908075,  17.964,     0.6
    67.0,0.000156,0.000036,0.000196,-0.000632,0.907032,  17.958,     0.6
    68.0,0.000162,0.000048,0.000196,-0.000642,0.909786,  17.958,     0.6
    69.0,0.000167,0.000052,0.000106,-0.000891,0.907112,  17.961,     0.6
    70.0,0.000157,0.000072,0.000152,-0.000709,0.904433,  17.950,     0.6
    71.0,0.000173,0.000076,0.000152,-0.000555,0.908276,  17.955,     0.6
    72.0,0.000178,0.000064,0.000018,-0.000891,0.907909,  17.952,     0.6
    73.0,0.000179,0.000072,0.000109,-0.000968,0.907870,  17.945,     0.6
    74.0,0.000174,0.000080,0.000199,-0.000891,0.907060,  17.940,     0.6
    75.0,0.000185,0.000080,0.000199,-0.000450,0.906552,  17.936,     0.6
    76.0,0.000175,0.000088,0.000109,-0.000383,0.909622,  17.941,     0.6
    77.0,0.000175,0.000081,0.000112,-0.000805,0.909242,  17.942,     0.6
    78.0,0.000181,0.000077,0.000112,-0.000287,0.909062,  17.938,     0.7
    79.0,0.000171,0.000061,0.000021,-0.000728,0.907301,  17.935,     0.7
    80.0,0.000176,0.000045,0.000112,-0.000996,0.906653,  17.936,     0.7
    81.0,0.000182,0.000061,0.000202,-0.000977,0.908452,  17.937,     0.7
    82.0,0.000182,0.000057,0.000202,-0.001169,0.908004,  17.934,     0.7
    83.0,0.000187,0.000057,0.000068,-0.000996,0.908700,  17.936,     0.7
    84.0,0.000182,0.000065,0.000202,-0.000718,0.906833,  17.932,     0.7
    85.0,0.000183,0.000065,0.000158,-0.000642,0.905142,  17.929,     0.7
    86.0,0.000183,0.000069,0.000115,-0.000737,0.910631,  17.929,     0.7
    87.0,0.000189,0.000069,0.000158,-0.000488,0.912097,  17.929,     0.7
    88.0,0.000200,0.000077,0.000158,-0.000824,0.906882,  17.921,     0.7
    89.0,0.000184,0.000066,0.000158,-0.000891,0.905742,  17.915,     0.7
    90.0,0.000179,0.000078,0.000115,-0.000805,0.904329,  17.923,     0.8
    91.0,0.000201,0.000082,0.000158,-0.000891,0.903744,  17.914,     0.8
    92.0,0.000201,0.000054,0.000205,-0.000642,0.905325,  17.921,     0.8
    93.0,0.000186,0.000066,0.000115,-0.000306,0.906397,  17.926,     0.8
    94.0,0.000202,0.000050,0.000205,-0.000555,0.906192,  17.920,     0.8
    95.0,0.000207,0.000070,0.000161,-0.000211,0.905856,  17.917,     0.8
    96.0,0.000197,0.000070,0.000115,-0.000374,0.905911,  17.923,     0.8
    97.0,0.000218,0.000078,0.000296,-0.000536,0.905720,  17.919,     0.8
    98.0,0.000223,0.000074,0.000161,-0.000172,0.905899,  17.924,     0.8
    99.0,0.000249,0.000058,0.000115,-0.000077,0.906509,  17.925,     0.8
   100.0,0.000269,0.000086,0.000205,-0.000057,0.907670,  17.927,     0.8
   101.0,0.000290,0.000102,0.000161,0.000422,0.908719,  17.925,     0.8
   102.0,0.000320,0.000110,0.000115,0.000989,0.909640,  17.924,     0.9
   103.0,0.000361,0.000117,0.000296,0.001383,0.908257,  17.924,     0.9
   104.0,0.000381,0.000157,0.000340,0.002660,0.906137,  17.927,     0.9
   105.0,0.000412,0.000193,0.000384,0.002915,0.906041,  17.927,     0.9
   106.0,0.000447,0.000213,0.000515,0.003301,0.909278,  17.923,     0.9
   107.0,0.000467,0.000264,0.000515,0.004226,0.910276,  17.926,     0.9
   108.0,0.000519,0.000284,0.000559,0.003923,0.910607,  17.924,     0.9
   109.0,0.000529,0.000308,0.000693,0.004558,0.910083,  17.925,     0.9
   110.0,0.000585,0.000324,0.000828,0.005194,0.905572,  17.923,     0.9
   111.0,0.000640,0.000340,0.000828,0.005280,0.904121,  17.922,     0.9
   112.0,0.000716,0.000375,0.000781,0.005582,0.906074,  17.921,     0.9
   113.0,0.000787,0.000399,0.000869,0.005312,0.908359,  17.921,     0.9
   114.0,0.000873,0.000443,0.001001,0.005582,0.905744,  17.916,     0.9
   115.0,0.000923,0.000478,0.001179,0.005506,0.906788,  17.918,     1.0
   116.0,0.000974,0.000522,0.001132,0.005679,0.910157,  17.920,     1.0
   117.0,0.001025,0.000554,0.001264,0.005582,0.905842,  17.916,     1.0
   118.0,0.001061,0.000574,0.001355,0.005226,0.902261,  17.920,     1.0
   119.0,0.001086,0.000578,0.001311,0.005108,0.901602,  17.920,     1.0
   120.0,0.001081,0.000594,0.001311,0.004752,0.907589,  17.912,     1.0
   121.0,0.001097,0.000602,0.001401,0.004224,0.910685,  17.921,     1.0
   122.0,0.001117,0.000598,0.001311,0.004655,0.907652,  17.917,     1.0
   123.0,0.001102,0.000606,0.001311,0.004461,0.904281,  17.919,     1.0
   124.0,0.001118,0.000586,0.001311,0.004472,0.909290,  17.918,     1.0
   125.0,0.001123,0.000558,0.001311,0.004472,0.912001,  17.912,     1.0
   126.0,0.001154,0.000558,0.001311,0.004645,0.913765,  17.918,     1.1
   127.0,0.001154,0.000574,0.001445,0.004741,0.913287,  17.918,     1.1
   128.0,0.001175,0.000554,0.001445,0.004752,0.908976,  17.920,     1.1
   129.0,0.001216,0.000574,0.001445,0.004655,0.905796,  17.917,     1.1
   130.0,0.001221,0.000586,0.001445,0.004914,0.903579,  17.919,     1.1
   131.0,0.001241,0.000602,0.001445,0.004677,0.903383,  17.915,     1.1
   132.0,0.001266,0.000598,0.001489,0.004752,0.905582,  17.918,     1.1
   133.0,0.001286,0.000594,0.001533,0.004828,0.909716,  17.913,     1.1
   134.0,0.001307,0.000618,0.001489,0.005172,0.908396,  17.919,     1.1
   135.0,0.001327,0.000634,0.001533,0.004720,0.902539,  17.912,     1.1
   136.0,0.001353,0.000642,0.001533,0.004989,0.904373,  17.919,     1.1
   137.0,0.001384,0.000654,0.001624,0.004796,0.907758,  17.917,     1.1
   138.0,0.001404,0.000662,0.001756,0.004796,0.907644,  17.922,     1.1
   139.0,0.001409,0.000650,0.001665,0.004613,0.909270,  17.922,     1.2
   140.0,0.001429,0.000674,0.001712,0.004440,0.910300,  17.919,     1.2
   141.0,0.001440,0.000690,0.001799,0.004343,0.909285,  17.914,     1.2
   142.0,0.001465,0.000682,0.001709,0.004613,0.910256,  17.917,     1.2
   143.0,0.001491,0.000694,0.001843,0.004613,0.911782,  17.921,     1.2
   144.0,0.001506,0.000714,0.001843,0.004526,0.907617,  17.917,     1.2
   145.0,0.001542,0.000722,0.001843,0.004516,0.903203,  17.917,     1.2
   146.0,0.001553,0.000726,0.001978,0.004516,0.904707,  17.919,     1.2
   147.0,0.001563,0.000738,0.001978,0.004516,0.908005,  17.918,     1.2
   148.0,0.001573,0.000754,0.002022,0.004602,0.908144,  17.919,     1.2
   149.0,0.001603,0.000766,0.002066,0.004709,0.907928,  17.916,     1.2
   150.0,0.001603,0.000765,0.002022,0.004892,0.907954,  17.918,     1.3
   151.0,0.001613,0.000757,0.001975,0.004806,0.907424,  17.919,     1.3
   152.0,0.001655,0.000789,0.002066,0.004979,0.906730,  17.913,     1.3
   153.0,0.001670,0.000793,0.002066,0.004903,0.905959,  17.915,     1.3
   154.0,0.001701,0.000797,0.002110,0.005000,0.904302,  17.909,     1.3
   155.0,0.001711,0.000797,0.002200,0.005075,0.906579,  17.914,     1.3
   156.0,0.001747,0.000817,0.002244,0.004989,0.907938,  17.911,     1.3
   157.0,0.001757,0.000829,0.002154,0.005280,0.909814,  17.905,     1.3
   158.0,0.001788,0.000849,0.002288,0.005549,0.907865,  17.905,     1.3
   159.0,0.001798,0.000861,0.002332,0.005280,0.907180,  17.903,     1.3
   160.0,0.001829,0.000853,0.002420,0.005721,0.909300,  17.894,     1.3
   161.0,0.001849,0.000869,0.002420,0.005840,0.914349,  17.900,     1.3
   162.0,0.001895,0.000865,0.002508,0.005743,0.910879,  17.902,     1.4
   163.0,0.001920,0.000889,0.002640,0.005829,0.909825,  17.895,     1.4
   164.0,0.001956,0.000897,0.002728,0.005840,0.910613,  17.898,     1.4
   165.0,0.002001,0.000921,0.002816,0.006034,0.908155,  17.892,     1.4
   166.0,0.002067,0.000932,0.003083,0.006326,0.906455,  17.893,     1.4
   167.0,0.002128,0.000972,0.003215,0.006262,0.911691,  17.895,     1.4
   168.0,0.002204,0.000976,0.003436,0.006337,0.914685,  17.899,     1.4
   169.0,0.002254,0.001008,0.003700,0.007242,0.913393,  17.894,     1.4
   170.0,0.002346,0.001039,0.004054,0.006995,0.912292,  17.902,     1.4
   171.0,0.002431,0.001099,0.004451,0.007190,0.911340,  17.900,     1.4
   172.0,0.002528,0.001119,0.004938,0.006781,0.909466,  17.905,     1.4
   173.0,0.002604,0.001147,0.005380,0.007223,0.905172,  17.906,     1.4
   174.0,0.002710,0.001202,0.005779,0.007774,0.906365,  17.903,     1.5
   175.0,0.002801,0.001242,0.006178,0.007774,0.909330,  17.899,     1.5
   176.0,0.002878,0.001273,0.006668,0.007992,0.909758,  17.912,     1.5
   177.0,0.002953,0.001305,0.006891,0.008456,0.912028,  17.905,     1.5
   178.0,0.003034,0.001341,0.007111,0.008847,0.914459,  17.909,     1.5
   179.0,0.003115,0.001384,0.007291,0.009226,0.914350,  17.914,     1.5
   180.0,0.003196,0.001416,0.007469,0.009692,0.910395,  17.914,     1.5
   181.0,0.003308,0.001467,0.007467,0.010169,0.912495,  17.907,     1.5
   182.0,0.003414,0.001511,0.007558,0.010401,0.912865,  17.911,     1.5
   183.0,0.003521,0.001555,0.007602,0.010719,0.909226,  17.921,     1.5
   184.0,0.003652,0.001586,0.007558,0.011406,0.906608,  17.919,     1.5
   185.0,0.003779,0.001638,0.007467,0.012095,0.908076,  17.921,     1.5
   186.0,0.003916,0.001713,0.007558,0.012759,0.910768,  17.923,     1.6
   187.0,0.004072,0.001801,0.007467,0.013549,0.910873,  17.929,     1.6
   188.0,0.004255,0.001848,0.007558,0.014167,0.909614,  17.933,     1.6
   189.0,0.004428,0.001911,0.007737,0.014959,0.907302,  17.929,     1.6
   190.0,0.004636,0.002019,0.007780,0.015852,0.906103,  17.921,     1.6
   191.0,0.004839,0.002090,0.007869,0.016488,0.907788,  17.927,     1.6
   192.0,0.005021,0.002165,0.008228,0.017430,0.908812,  17.925,     1.6
   193.0,0.005225,0.002272,0.008181,0.017869,0.911071,  17.928,     1.6
   194.0,0.005392,0.002364,0.008449,0.018754,0.911449,  17.921,     1.6
   195.0,0.005540,0.002451,0.008673,0.019441,0.912201,  17.917,     1.6
   196.0,0.005682,0.002519,0.008851,0.020258,0.907631,  17.924,     1.6
   197.0,0.005805,0.002586,0.009031,0.020400,0.904735,  17.922,     1.6
   198.0,0.005855,0.002626,0.009165,0.020615,0.907387,  17.922,     1.6
   199.0,0.005916,0.002681,0.009209,0.020615,0.908582,  17.921,     1.7
   200.0,0.005963,0.002713,0.009388,0.020543,0.908731,  17.923,     1.7
   201.0,0.005983,0.002737,0.009343,0.020615,0.904089,  17.924,     1.7
   202.0,0.005973,0.002745,0.009523,0.020501,0.905687,  17.920,     1.7
   203.0,0.005943,0.002769,0.009523,0.020386,0.905199,  17.924,     1.7
   204.0,0.005872,0.002761,0.009298,0.020057,0.903968,  17.924,     1.7
   205.0,0.005811,0.002745,0.009254,0.019957,0.905335,  17.917,     1.7
   206.0,0.005704,0.002729,0.009165,0.019213,0.907811,  17.922,     1.7
   207.0,0.005623,0.002690,0.008986,0.018841,0.911384,  17.919,     1.7
   208.0,0.005533,0.002650,0.008943,0.018413,0.913179,  17.916,     1.7
   209.0,0.005395,0.002586,0.008720,0.017656,0.911364,  17.918,     1.7
   210.0,0.005239,0.002531,0.008451,0.016886,0.908148,  17.906,     1.8
   211.0,0.005107,0.002475,0.008274,0.016819,0.911435,  17.921,     1.8
   212.0,0.004980,0.002416,0.008051,0.016520,0.910354,  17.920,     1.8
   213.0,0.004798,0.002368,0.007875,0.015739,0.906321,  17.919,     1.8
   214.0,0.004656,0.002297,0.007652,0.015303,0.908587,  17.919,     1.8
   215.0,0.004520,0.002217,0.007205,0.014464,0.910240,  17.919,     1.8
   216.0,0.004317,0.002158,0.006983,0.014042,0.909829,  17.918,     1.8
   217.0,0.004186,0.002087,0.006941,0.013536,0.908074,  17.919,     1.8
   218.0,0.004029,0.002015,0.006586,0.012969,0.908182,  17.922,     1.8
   219.0,0.003873,0.001924,0.006453,0.012624,0.909619,  17.925,     1.8
   220.0,0.003706,0.001845,0.006098,0.012033,0.911995,  17.922,     1.8
   221.0,0.003564,0.001782,0.005833,0.011456,0.911621,  17.923,     1.8
   222.0,0.003418,0.001706,0.005655,0.011137,0.910456,  17.924,     1.9
   223.0,0.003302,0.001651,0.005390,0.010315,0.914371,  17.926,     1.9
   224.0,0.003187,0.001607,0.005124,0.010107,0.916551,  17.928,     1.9
   225.0,0.003060,0.001520,0.004948,0.009973,0.912702,  17.925,     1.9
   226.0,0.002929,0.001481,0.004682,0.009480,0.911605,  17.924,     1.9
   227.0,0.002849,0.001430,0.004594,0.010119,0.909554,  17.924,     1.9
   228.0,0.002784,0.001398,0.004239,0.010671,0.911997,  17.923,     1.9
   229.0,0.002713,0.001382,0.004241,0.011738,0.913110,  17.925,     1.9
   230.0,0.002683,0.001374,0.004153,0.012944,0.913436,  17.917,     1.9
   231.0,0.002679,0.001370,0.003974,0.014722,0.910188,  17.921,     1.9
   232.0,0.002684,0.001390,0.004155,0.017203,0.909143,  17.918,     1.9
   233.0,0.002704,0.001442,0.004111,0.019799,0.908729,  17.919,     1.9
   234.0,0.002729,0.001529,0.004155,0.022956,0.906406,  17.914,     2.0
   235.0,0.002775,0.001576,0.004243,0.026021,0.908243,  17.911,     2.0
   236.0,0.002800,0.001628,0.004287,0.028395,0.908182,  17.904,     2.0
   237.0,0.002821,0.001699,0.004375,0.031009,0.908612,  17.913,     2.0
   238.0,0.002801,0.001786,0.004375,0.032810,0.910034,  17.915,     2.0
   239.0,0.002786,0.001826,0.004420,0.034480,0.913192,  17.910,     2.0
   240.0,0.002746,0.001865,0.004466,0.035273,0.911704,  17.910,     2.0
   241.0,0.002670,0.001853,0.004422,0.034843,0.911115,  17.911,     2.0
   242.0,0.002605,0.001846,0.004287,0.034446,0.910564,  17.909,     2.0
   243.0,0.002525,0.001830,0.004201,0.033687,0.908741,  17.912,     2.0
   244.0,0.002379,0.001763,0.004025,0.032398,0.907152,  17.910,     2.0
   245.0,0.002294,0.001699,0.003802,0.031131,0.911040,  17.906,     2.0
   246.0,0.002204,0.001644,0.003628,0.029594,0.914054,  17.906,     2.0
   247.0,0.002063,0.001541,0.003408,0.027688,0.912852,  17.907,     2.1
   248.0,0.001936,0.001470,0.003141,0.026123,0.911155,  17.907,     2.1
   249.0,0.001836,0.001387,0.003056,0.025195,0.912350,  17.895,     2.1
   250.0,0.001680,0.001296,0.002836,0.024299,0.911717,  17.905,     2.1
   251.0,0.001549,0.001185,0.002660,0.023681,0.909648,  17.909,     2.1
   252.0,0.001460,0.001082,0.002575,0.024056,0.905387,  17.907,     2.1
   253.0,0.001390,0.000952,0.002399,0.024866,0.903229,  17.902,     2.1
   254.0,0.001355,0.000905,0.002311,0.026545,0.906420,  17.899,     2.1
   255.0,0.001380,0.000841,0.002135,0.028057,0.910916,  17.909,     2.1
   256.0,0.001486,0.000850,0.002135,0.030668,0.909268,  17.899,     2.1
   257.0,0.001723,0.000889,0.002223,0.034652,0.909671,  17.896,     2.1
   258.0,0.001989,0.001008,0.002443,0.038799,0.910607,  17.905,     2.2
   259.0,0.002447,0.001209,0.002750,0.045159,0.912203,  17.906,     2.2
   260.0,0.003189,0.001525,0.003278,0.057169,0.912712,  17.904,     2.2
   261.0,0.004078,0.001941,0.004115,0.071899,0.910708,  17.904,     2.2
   262.0,0.005293,0.002567,0.005351,0.092882,0.910984,  17.901,     2.2
   263.0,0.007122,0.003564,0.007035,0.128801,0.910169,  17.902,     2.2
   264.0,0.009439,0.004746,0.009438,0.166405,0.909686,  17.894,     2.2
   265.0,0.012068,0.006419,0.013384,0.213062,0.910965,  17.899,     2.2
   266.0,0.015422,0.008849,0.017638,0.263231,0.911510,  17.902,     2.2
   267.0,0.018897,0.011306,0.022577,0.325991,0.909210,  17.898,     2.2
   268.0,0.022031,0.014253,0.029249,0.369445,0.906601,  17.897,     2.2
   269.0,0.025145,0.017680,0.034936,0.407301,0.906466,  17.897,     2.2
   270.0,0.027581,0.020291,0.040322,0.444339,0.907460,  17.891,     2.3
   271.0,0.029094,0.022547,0.045818,0.462178,0.910639,  17.893,     2.3
   272.0,0.029902,0.024413,0.049277,0.473891,0.911804,  17.899,     2.3
   273.0,0.029896,0.025486,0.051246,0.480866,0.912122,  17.896,     2.3
   274.0,0.029206,0.025799,0.052173,0.479624,0.909622,  17.893,     2.3
   275.0,0.028077,0.025452,0.051632,0.474633,0.908331,  17.895,     2.3
   276.0,0.026285,0.024593,0.050110,0.465516,0.907016,  17.897,     2.3
   277.0,0.024582,0.023471,0.047952,0.451157,0.909760,  17.901,     2.3
   278.0,0.022863,0.021951,0.044552,0.436705,0.914287,  17.897,     2.3
   279.0,0.020820,0.020371,0.041473,0.419617,0.917356,  17.899,     2.3
   280.0,0.019304,0.018924,0.038500,0.398370,0.915078,  17.897,     2.3
   281.0,0.018781,0.017379,0.034747,0.379953,0.912065,  17.894,     2.3
   282.0,0.017559,0.016853,0.032440,0.358698,0.909393,  17.893,     2.3
   283.0,0.016544,0.016211,0.030274,0.332725,0.908195,  17.892,     2.4
   284.0,0.015614,0.015438,0.027382,0.310284,0.905819,  17.896,     2.4
   285.0,0.014717,0.014532,0.025342,0.285797,0.908524,  17.890,     2.4
   286.0,0.014226,0.013881,0.023312,0.259475,0.905660,  17.893,     2.4
   287.0,0.014200,0.013412,0.021380,0.238560,0.906375,  17.890,     2.4
   288.0,0.015090,0.013198,0.020236,0.217154,0.910838,  17.882,     2.4
   289.0,0.016435,0.013681,0.019506,0.195578,0.912344,  17.892,     2.4
   290.0,0.018253,0.014809,0.019779,0.179859,0.913142,  17.888,     2.4
   291.0,0.026294,0.016819,0.020556,0.166057,0.916920,  17.890,     2.4
   292.0,0.038241,0.020207,0.027385,0.160646,0.919425,  17.891,     2.4
   293.0,0.043718,0.032393,0.036354,0.153120,0.918175,  17.885,     2.4
   294.0,0.048711,0.039752,0.042471,0.146099,0.917645,  17.883,     2.5
   295.0,0.054517,0.044781,0.046582,0.138864,0.918567,  17.892,     2.5
   296.0,0.058881,0.049473,0.051116,0.133802,0.921058,  17.891,     2.5
   297.0,0.063247,0.054954,0.056699,0.130563,0.924454,  17.896,     2.5
   298.0,0.068429,0.059318,0.060856,0.128246,0.928252,  17.898,     2.5
   299.0,0.072385,0.063475,0.065591,0.127010,0.927488,  17.905,     2.5
   300.0,0.076405,0.067494,0.071313,0.125687,0.926363,  17.909,     2.5
   301.0,0.081415,0.072312,0.075720,0.124750,0.931482,  17.907,     2.5
   302.0,0.085417,0.076054,0.080474,0.123561,0.937394,  17.915,     2.5
   303.0,0.089503,0.079953,0.086542,0.123180,0.936153,  17.919,     2.5
   304.0,0.093649,0.084724,0.091074,0.123171,0.931559,  17.924,     2.5
   305.0,0.098680,0.088536,0.095855,0.126493,0.930079,  17.928,     2.5
   306.0,0.103341,0.092504,0.100560,0.134495,0.929618,  17.925,     2.5
   307.0,0.109206,0.097259,0.104595,0.137017,0.927244,  17.928,     2.6
   308.0,0.115840,0.102638,0.111083,0.132891,0.925799,  17.925,     2.6
   309.0,0.121394,0.107794,0.117270,0.133670,0.925817,  17.927,     2.6
   310.0,0.344017,0.114047,0.123231,0.136714,0.928380,  17.925,     2.6
   311.0,0.552697,0.149597,0.128067,0.338951,0.929602,  17.919,     2.6
   312.0,0.619962,0.336230,0.391316,0.504729,0.929886,  17.914,     2.6
   313.0,0.661104,0.514210,0.563913,0.591322,0.930156,  17.906,     2.6
   314.0,0.692986,0.617359,0.621153,0.640324,0.928615,  17.893,     2.6
   315.0,0.710803,0.651482,0.660054,0.663435,0.927778,  17.876,     2.6
   316.0,0.728049,0.675473,0.687309,0.680840,0.926968,  17.856,     2.6
   317.0,0.749623,0.699151,0.703757,0.699628,0.925202,  17.825,     2.6
   318.0,0.767013,0.715679,0.720762,0.714612,0.923500,  17.791,     2.7
   319.0,0.785544,0.733089,0.740084,0.729538,0.925733,  17.751,     2.7
   320.0,0.808654,0.755279,0.755710,0.748016,0.927179,  17.708,     2.7
   321.0,0.829049,0.772904,0.773729,0.764087,0.930855,  17.669,     2.7
   322.0,0.850744,0.792593,0.793973,0.780735,0.929382,  17.624,     2.7
   323.0,0.877941,0.818787,0.812267,0.800945,0.926047,  17.584,     2.7
   324.0,0.900860,0.839563,0.832848,0.818714,0.924620,  17.557,     2.7
   325.0,0.925499,0.862130,0.857271,0.837591,0.930105,  17.522,     2.7
   326.0,0.957645,0.892529,0.879167,0.859713,0.937316,  17.504,     2.7
   327.0,0.988279,0.916881,0.904321,0.879575,0.940980,  17.500,     2.7
   328.0,1.022472,0.943405,0.936354,0.904952,0.943226,  17.491,     2.7
   329.0,1.060573,0.987298,0.971968,0.934994,0.947848,  17.495,     2.7
   330.0,1.088259,1.017933,1.010964,0.956881,0.949308,  17.496,     2.8
   331.0,1.117357,1.048689,1.053700,0.978114,0.949457,  17.499,     2.8
   332.0,1.153421,1.085634,1.090144,1.002094,0.948627,  17.599,     2.8
   333.0,1.180757,1.115080,1.131805,1.022279,0.948916,  17.661,     2.8
   334.0,1.208332,1.146010,1.178549,1.040058,0.948621,  17.729,     2.8
   335.0,1.237234,1.185118,1.215620,1.058566,0.950515,  17.783,     2.8
   336.0,1.254492,1.213943,1.249220,1.070738,0.955016,  17.835,     2.8
   337.0,1.273340,1.241604,1.279681,1.076300,0.956607,  17.881,     2.8
   338.0,1.230389,1.269940,1.301827,1.068328,0.959638,  17.915,     2.8
   339.0,1.146059,1.269289,1.303578,1.024058,0.961639,  17.958,     2.8
   340.0,1.087718,1.214870,1.253890,0.956538,0.958333,  17.986,     2.8
   341.0,1.080976,1.112859,1.189297,0.915467,0.955611,  18.008,     2.8
   342.0,1.098554,1.078340,1.156824,0.915381,0.958855,  18.025,     2.8
   343.0,1.192203,1.083862,1.160595,0.953356,0.969937,  18.038,     2.9
   344.0,0.728952,1.134450,1.242308,0.765970,0.980994,  18.041,     2.9
   345.0,0.636999,0.852242,1.120236,0.571550,0.991674,  18.030,     2.9
   346.0,0.627404,0.633553,0.839519,0.550729,0.998634,  18.038,     2.9
   347.0,0.648923,0.588683,0.783165,0.549123,1.000999,  18.034,     2.9
   348.0,0.679214,0.587586,0.766294,0.582559,1.001971,  16.581,     2.9
   349.0,0.693160,0.621338,0.780000,0.600440,1.001897,  16.253,     2.9
   350.0,0.706708,0.650916,0.781489,0.614351,1.003292,  16.158,     2.9
   351.0,0.721855,0.665161,0.781489,0.630606,0.999004,  16.073,     2.9
   352.0,0.733593,0.678617,0.782017,0.644684,0.999725,  15.976,     2.9
   353.0,0.746566,0.695359,0.783339,0.654644,1.001334,  15.894,     2.9
   354.0,0.763637,0.706763,0.785729,0.672917,1.004820,  15.815,     3.0
   355.0,0.776917,0.721133,0.792347,0.684398,1.005647,  15.735,     3.0
   356.0,0.796875,0.738664,0.796603,0.700928,1.005643,  15.673,     3.0
   357.0,0.816296,0.754603,0.803481,0.721189,1.007709,  15.600,     3.0
   358.0,0.834390,0.772457,0.816715,0.736243,1.010837,  15.528,     3.0
   359.0,0.853948,0.792695,0.828893,0.753820,1.011809,  15.461,     3.0
   360.0,0.877058,0.811355,0.842634,0.775785,1.012424,  15.408,     3.0
   361.0,0.895658,0.829283,0.859024,0.795212,1.016722,  15.346,     3.0
   362.0,0.912231,0.856906,0.874185,0.809902,1.024979,  15.295,     3.0
   363.0,0.931314,0.873255,0.885668,0.826112,1.027437,  11.381,     3.0
   364.0,0.946738,0.889151,0.897903,0.841545,1.027544,  17.875,     3.0
   365.0,0.963695,0.909166,0.910582,0.855078,1.028694,  17.878,     3.0
   366.0,0.982695,0.924401,0.922726,0.873832,1.030713,  17.887,     3.0
   367.0,0.999207,0.940791,0.936821,0.887683,1.032982,  17.877,     3.1
   368.0,1.017660,0.961018,0.951089,0.903251,1.037521,  17.876,     3.1
   369.0,1.038524,0.977897,0.965252,0.922053,1.030730,  17.877,     3.1
   370.0,1.055981,0.995872,0.982076,0.937892,1.049952,  17.876,     3.1
   371.0,1.076298,1.017401,0.997929,0.954556,1.107824,  17.875,     3.1
   372.0,1.179849,1.035996,1.013746,0.978371,1.160113,  17.859,     3.1
   373.0,1.332906,1.055593,1.043067,1.064142,1.160440,  17.865,     3.1
   374.0,1.407516,1.280361,1.182786,1.191496,1.166751,  17.856,     3.1
   375.0,1.454720,1.358538,1.278114,1.255329,1.120781,  17.856,     3.1
   376.0,1.481481,1.406771,1.328956,1.285794,1.055411,  17.803,     3.1
   377.0,1.505278,1.447941,1.364895,1.312354,1.022511,  17.849,     3.1
   378.0,1.524082,1.471189,1.390818,1.336487,1.027862,  17.842,     3.2
   379.0,1.540448,1.487691,1.411686,1.348819,1.026830,  17.834,     3.2
   380.0,1.557252,1.506225,1.428989,1.368415,1.024425,  17.850,     3.2
   381.0,1.573057,1.520636,1.446823,1.382330,1.025329,  17.252,     3.2
   382.0,1.584426,1.534714,1.461895,1.391621,1.028871,  17.918,     3.2
   383.0,1.600872,1.546736,1.474707,1.405596,1.035318,  17.912,     3.2
   384.0,1.618170,1.558246,1.490507,1.420832,1.038086,  17.903,     3.2
   385.0,1.430141,1.572719,1.508495,1.371076,1.036878,  17.903,     3.2
   386.0,1.355968,1.516236,1.360964,1.230400,1.037617,  17.908,     3.2
   387.0,1.351801,1.357949,1.289093,1.200567,1.044687,  17.906,     3.2
   388.0,0.486224,1.334013,1.291736,1.196051,1.044220,  17.909,     3.2
   389.0,0.326908,0.824466,1.293446,0.589436,1.046199,  17.914,     3.2
   390.0,0.280302,0.347746,0.413580,0.293453,1.051243,  17.839,     3.3
   391.0,0.273400,0.284604,0.295162,0.257135,1.052043,  17.901,     3.3
   392.0,0.271780,0.263253,0.264054,0.245485,1.047928,  17.897,     3.3
   393.0,0.273625,0.257341,0.256346,0.242637,1.049596,  17.908,     3.3
   394.0,0.276234,0.258313,0.255571,0.244308,1.054477,  17.707,     3.3
   395.0,0.279200,0.260388,0.257865,0.247166,1.059946,  17.711,     3.3
   396.0,0.283075,0.263539,0.260625,0.250551,1.058595,  17.527,     3.3
   397.0,0.286686,0.266341,0.263974,0.253873,1.065097,  17.617,     3.3
   398.0,0.290808,0.269740,0.267761,0.257394,1.072533,  17.592,     3.3
   399.0,0.296756,0.274011,0.271726,0.263120,1.071851,  17.545,     3.3
   400.0,0.303066,0.278173,0.276808,0.267958,1.067201,  17.374,     3.3
   401.0,0.314905,0.283524,0.283125,0.274829,1.065177,  16.612,     3.3
   402.0,0.347957,0.291512,0.291821,0.294290,1.069415,  13.055,     3.3
   403.0,0.377417,0.307081,0.311281,0.315967,1.075371,  17.832,     3.4
   404.0,0.393068,0.343439,0.349696,0.347883,1.081534,  17.886,     3.4
   405.0,0.405563,0.366323,0.373218,0.364829,1.077808,  17.842,     3.4
   406.0,0.414022,0.376577,0.387761,0.374127,1.076696,  17.875,     3.4
   407.0,0.423008,0.386015,0.398423,0.382592,1.080096,  17.811,     3.4
   408.0,0.432464,0.395705,0.407124,0.391897,1.092383,  16.860,     3.4
   409.0,0.440681,0.402994,0.415662,0.399401,1.094421,  16.318,     3.4
   410.0,0.449369,0.411207,0.425208,0.407198,1.093672,  17.808,     3.4
   411.0,0.459816,0.420628,0.433849,0.415736,1.090785,  17.880,     3.4
   412.0,0.470033,0.428826,0.442693,0.427232,1.091226,  17.880,     3.4
   413.0,0.483605,0.437874,0.454814,0.436603,1.095114,  17.883,     3.4
   414.0,0.513544,0.448022,0.467155,0.459964,1.097538,  17.767,     3.5
   415.0,0.530777,0.473894,0.493620,0.479876,1.099735,  17.755,     3.5
   416.0,0.543996,0.492261,0.510930,0.491218,1.098228,  17.740,     3.5
   417.0,0.557304,0.507319,0.522963,0.501900,1.126074,  17.745,     3.5
   418.0,0.569658,0.520236,0.534144,0.514982,1.173176,  17.733,     3.5
   419.0,0.581020,0.531325,0.547001,0.524444,1.202702,  17.728,     3.5
   420.0,0.594184,0.543397,0.557567,0.534357,1.201975,  17.716,     3.5
   421.0,0.607516,0.555333,0.568075,0.548282,1.200477,  17.721,     3.5
   422.0,0.620697,0.566776,0.581494,0.558509,1.202760,  17.716,     3.5
   423.0,0.636080,0.580082,0.593287,0.570496,1.198056,  17.176,     3.5
   424.0,0.668444,0.594157,0.606289,0.591092,1.198722,  14.570,     3.5
   425.0,0.690928,0.609998,0.637374,0.618018,1.192346,  17.828,     3.5
   426.0,0.708718,0.644470,0.657685,0.633315,1.186480,  17.834,     3.5
   427.0,0.723038,0.663514,0.672093,0.648492,1.183290,  17.830,     3.6
   428.0,0.735601,0.677817,0.686547,0.659754,1.186299,  17.822,     3.6
   429.0,0.749182,0.691179,0.697911,0.670062,1.194489,  17.821,     3.6
   430.0,0.760499,0.704275,0.709045,0.682271,1.198559,  17.815,     3.6
   431.0,0.773725,0.715987,0.721344,0.691924,1.194413,  17.810,     3.6
   432.0,0.788738,0.727938,0.732492,0.703414,1.190966,  17.808,     3.6
   433.0,0.802869,0.742161,0.744508,0.718276,1.188291,  17.806,     3.6
   434.0,0.816153,0.755362,0.758424,0.728691,1.192412,  15.586,     3.6
   435.0,0.831151,0.769469,0.770067,0.740762,1.194829,  15.480,     3.6
   436.0,0.847984,0.783986,0.782204,0.755531,1.186712,  17.013,     3.6
   437.0,0.863125,0.797004,0.796781,0.767727,1.191032,  17.845,     3.6
   438.0,0.880727,0.814674,0.810448,0.780417,1.191207,  17.855,     3.7
   439.0,0.898321,0.831550,0.825045,0.797854,1.196782,  17.856,     3.7
   440.0,0.927500,0.847727,0.841962,0.811855,1.201234,  17.860,     3.7
   441.0,0.953375,0.871155,0.858216,0.836678,1.203261,  17.860,     3.7
   442.0,1.019963,0.899521,0.884871,0.875719,1.205589,  17.864,     3.7
   443.0,1.075263,0.927874,0.925096,0.931636,1.210512,  17.864,     3.7
   444.0,1.198908,1.007353,0.977948,0.961048,1.218304,  17.862,     3.7
   445.0,0.805743,1.025041,1.037868,1.130905,1.217937,  17.859,     3.7
   446.0,0.691473,1.079226,1.185901,0.869574,1.223238,  17.870,     3.7
   447.0,0.660494,0.693517,0.722722,0.646965,1.238340,  17.872,     3.7
   448.0,0.653949,0.646322,0.636709,0.596911,1.153875,  17.860,     3.7
   449.0,0.652824,0.633413,0.610981,0.589920,1.049331,  17.852,     3.7
   450.0,0.655289,0.632442,0.604888,0.587107,1.019003,  15.449,     3.8
   451.0,0.663703,0.632848,0.604187,0.590349,1.017071,  15.397,     3.8
   452.0,0.668636,0.637617,0.607173,0.596620,1.022662,  15.288,     3.8
   453.0,0.672623,0.645388,0.614999,0.600612,1.026728,   9.712,     3.8
   454.0,0.681047,0.650490,0.618332,0.605282,1.029976,  17.768,     3.8
   455.0,0.686584,0.655566,0.622237,0.610705,1.029094,  17.929,     3.8
   456.0,0.692065,0.663270,0.629227,0.616490,1.025391,  17.926,     3.8
   457.0,0.699137,0.669655,0.634451,0.621477,1.023266,  17.934,     3.8
   458.0,0.706529,0.675823,0.639168,0.628021,1.026087,  17.932,     3.8
   459.0,0.713729,0.683591,0.646143,0.633964,1.027033,  17.935,     3.8
   460.0,0.722892,0.691395,0.651769,0.641502,1.028479,  17.940,     3.8
   461.0,0.730166,0.699459,0.657865,0.648659,1.032808,  17.930,     3.8
   462.0,0.737444,0.708275,0.665054,0.653698,1.037868,  17.938,     3.8
   463.0,0.745773,0.715994,0.670728,0.660712,1.033488,  17.934,     3.9
   464.0,0.751456,0.723026,0.675858,0.667495,1.034433,  17.935,     3.9
   465.0,0.756558,0.730625,0.682724,0.673665,1.037479,  17.933,     3.9
   466.0,0.763783,0.738367,0.687786,0.676459,1.034461,  17.934,     3.9
   467.0,0.769620,0.743201,0.691194,0.682014,1.030267,  17.930,     3.9
   468.0,0.775715,0.748864,0.697223,0.687345,1.032896,  17.932,     3.9
   469.0,0.783512,0.756536,0.701362,0.693120,1.040618,  17.924,     3.9
   470.0,0.789908,0.763097,0.706205,0.698797,1.043192,  17.926,     3.9
   471.0,0.796120,0.770361,0.711550,0.703500,1.044781,  17.926,     3.9
   472.0,0.803404,0.778503,0.716509,0.709231,1.044497,  17.924,     3.9
   473.0,0.810220,0.784273,0.720837,0.714955,1.047348,  17.923,     3.9
   474.0,0.817146,0.791984,0.726366,0.719344,1.071023,  17.920,     4.0
   475.0,0.826421,0.800215,0.731029,0.725468,1.124551,  17.918,     4.0
   476.0,0.833510,0.809187,0.735741,0.731079,1.179615,  17.915,     4.0
   477.0,0.840218,0.819246,0.741315,0.735205,1.186702,  17.908,     4.0
   478.0,0.848780,0.828429,0.745172,0.740247,1.185394,  17.200,     4.0
   479.0,0.855232,0.836470,0.748484,0.744464,1.187320,  17.177,     4.0
   480.0,0.861477,0.844817,0.752742,0.748807,1.190589,  17.159,     4.0
   481.0,0.868659,0.853311,0.756204,0.752739,1.190652,  17.144,     4.0
   482.0,0.872998,0.861740,0.758105,0.754361,1.196456,  17.138,     4.0
   483.0,0.873446,0.869963,0.759034,0.754532,1.199553,  17.134,     4.0
   484.0,1.086956,0.876817,0.757946,0.783731,1.200571,  17.099,     4.0
   485.0,0.542174,0.907245,0.751758,0.636450,1.199595,  16.971,     4.0
   486.0,0.444714,0.847862,0.516353,0.419987,1.197713,  16.942,     4.1
   487.0,0.413456,0.460946,0.415795,0.376366,1.202799,  16.937,     4.1
   488.0,0.406346,0.411228,0.387589,0.361565,1.207634,  16.903,     4.1
   489.0,0.405395,0.396039,0.377700,0.359557,1.204692,  16.889,     4.1
   490.0,0.406549,0.392075,0.376780,0.360204,1.203722,  16.865,     4.1
   491.0,0.408041,0.392381,0.377818,0.361298,1.208198,  16.855,     4.1
   492.0,0.410229,0.393663,0.378844,0.362271,1.216316,  16.828,     4.1
   493.0,0.412234,0.395718,0.380841,0.364866,1.207626,  16.815,     4.1
   494.0,0.414158,0.397765,0.382834,0.366465,1.197660,  16.801,     4.1
   495.0,0.416499,0.399165,0.384624,0.367884,1.193069,  16.779,     4.1
   496.0,0.418614,0.401994,0.386422,0.369943,1.194232,  16.769,     4.1
   497.0,0.420392,0.403812,0.388334,0.371082,1.196747,  16.748,     4.1
   498.0,0.422239,0.405619,0.390023,0.372774,1.206031,  14.182,     4.2
   499.0,0.424021,0.407667,0.391432,0.374438,1.206285,  17.869,     4.2
   500.0,0.426387,0.409537,0.393150,0.376048,1.202826,  17.892,     4.2
   501.0,0.427371,0.411259,0.394858,0.378039,1.207075,  16.502,     4.2
   502.0,0.429124,0.413339,0.396934,0.379181,1.210257,  16.307,     4.2
   503.0,0.430905,0.414960,0.398021,0.380354,1.215526,  16.289,     4.2
   504.0,0.432706,0.416277,0.399310,0.382046,1.213679,  16.266,     4.2
   505.0,0.434314,0.418048,0.400970,0.383256,1.212785,  16.243,     4.2
   506.0,0.436249,0.419693,0.402577,0.384985,1.213492,  16.116,     4.2
   507.0,0.438004,0.421575,0.403808,0.386815,1.214785,  16.002,     4.2
   508.0,0.439704,0.423065,0.405265,0.388126,1.219953,  15.983,     4.2
   509.0,0.441684,0.424938,0.407018,0.390402,1.234794,  15.962,     4.2
   510.0,0.443496,0.427225,0.408667,0.392046,1.236349,  15.936,     4.3
   511.0,0.445273,0.428771,0.410566,0.392902,1.231766,  15.921,     4.3
   512.0,0.446911,0.430426,0.412249,0.394319,1.240105,  15.895,     4.3
   513.0,0.449780,0.432390,0.413713,0.397339,1.243209,  15.880,     4.3
   514.0,0.451686,0.434358,0.415409,0.399009,1.229483,  15.857,     4.3
   515.0,0.453168,0.436289,0.417679,0.400685,1.225233,  15.841,     4.3
   516.0,0.455085,0.438253,0.418958,0.402213,1.234063,  15.823,     4.3
   517.0,0.455965,0.440294,0.420879,0.403247,1.249505,  15.221,     4.3
   518.0,0.457991,0.441485,0.422027,0.404541,1.256724,  17.870,     4.3
   519.0,0.459954,0.443143,0.423409,0.406897,1.246014,  17.899,     4.3
   520.0,0.461891,0.445108,0.424564,0.408775,1.244107,  17.904,     4.3
   521.0,0.464003,0.446572,0.426302,0.409324,1.245367,  17.904,     4.3
   522.0,0.465914,0.448417,0.427698,0.411127,1.245304,  17.904,     4.3
   523.0,0.468138,0.450476,0.429071,0.412679,1.248983,  17.900,     4.4
   524.0,0.470419,0.452453,0.430945,0.414344,1.255516,  17.900,     4.4
   525.0,0.472694,0.455075,0.433180,0.416825,1.250260,  17.902,     4.4
   526.0,0.475107,0.457257,0.434835,0.418385,1.248804,  17.904,     4.4
   527.0,0.476760,0.459439,0.437447,0.420906,1.250070,  17.910,     4.4
   528.0,0.478529,0.461935,0.439238,0.422336,1.251543,  17.905,     4.4
   529.0,0.480617,0.463372,0.440916,0.424018,1.257268,  17.906,     4.4
   530.0,0.482321,0.465181,0.442600,0.425282,1.262493,  17.905,     4.4
   531.0,0.484706,0.467209,0.444170,0.427063,1.264347,  17.900,     4.4
   532.0,0.486947,0.469124,0.445988,0.429194,1.260557,  17.903,     4.4
   533.0,0.488557,0.471205,0.448148,0.430905,1.259620,  17.897,     4.4
   534.0,0.490534,0.472922,0.449770,0.432795,1.263801,  17.891,     4.4
   535.0,0.492624,0.475112,0.451243,0.435039,1.268596,  17.904,     4.5
   536.0,0.493929,0.477101,0.453215,0.435821,1.269362,  16.844,     4.5
   537.0,0.495608,0.478357,0.454452,0.437639,1.269395,  16.788,     4.5
   538.0,0.497403,0.480261,0.455693,0.438951,1.273304,  16.768,     4.5
   539.0,0.499468,0.481987,0.457311,0.440101,1.282473,  16.758,     4.5
   540.0,0.501553,0.483644,0.459024,0.442554,1.275589,  16.757,     4.5
   541.0,0.503569,0.486017,0.460906,0.444393,1.275864,  16.725,     4.5
   542.0,0.505802,0.487932,0.462543,0.446262,1.273753,  16.702,     4.5
   543.0,0.507956,0.489636,0.464186,0.448302,1.273156,  16.687,     4.5
   544.0,0.510006,0.492111,0.466472,0.450082,1.271700,  16.674,     4.5
   545.0,0.511721,0.494269,0.468003,0.451538,1.266100,  16.659,     4.5
   546.0,0.513177,0.495940,0.469795,0.453245,1.257586,  16.642,     4.6
   547.0,0.515372,0.497869,0.471466,0.454501,1.257937,  16.620,     4.6
   548.0,0.518078,0.499555,0.472885,0.457497,1.265321,  16.613,     4.6
   549.0,0.520222,0.502099,0.475178,0.459689,1.267178,  16.595,     4.6
   550.0,0.522303,0.504622,0.477301,0.461254,1.261573,  16.581,     4.6
   551.0,0.524829,0.506380,0.478870,0.463789,1.259510,  16.559,     4.6
   552.0,0.526834,0.508599,0.481103,0.465475,1.262675,  17.076,     4.6
   553.0,0.528648,0.510981,0.483305,0.467513,1.264047,  17.877,     4.6
   554.0,0.530546,0.512744,0.484541,0.469193,1.266307,  17.889,     4.6
   555.0,0.532446,0.514540,0.486493,0.470879,1.257826,  17.891,     4.6
   556.0,0.534543,0.516475,0.488139,0.472915,1.256712,  17.885,     4.6
   557.0,0.536831,0.518346,0.489883,0.474642,1.256172,  17.890,     4.6
   558.0,0.538800,0.520482,0.491903,0.476349,1.264753,  17.890,     4.7
   559.0,0.540609,0.522776,0.493661,0.477778,1.271038,  17.893,     4.7
   560.0,0.542755,0.524538,0.495291,0.480072,1.271665,  17.889,     4.7
   561.0,0.544657,0.526428,0.497200,0.481224,1.271936,  17.890,     4.7
   562.0,0.546409,0.528645,0.498843,0.483386,1.271683,  17.888,     4.7
   563.0,0.548408,0.530431,0.500492,0.485366,1.267339,  17.890,     4.7
   564.0,0.550416,0.532055,0.502238,0.486995,1.270942,  17.892,     4.7
   565.0,0.552422,0.534252,0.503671,0.488372,1.274598,  17.891,     4.7
   566.0,0.554663,0.536206,0.505339,0.491103,1.277104,  17.892,     4.7
   567.0,0.555874,0.538167,0.507522,0.492370,1.265905,  17.897,     4.7
   568.0,0.557489,0.540148,0.509204,0.493469,1.258095,  17.896,     4.7
   569.0,0.559793,0.541453,0.509958,0.495292,1.252604,  17.886,     4.7
   570.0,0.561425,0.543203,0.512164,0.496869,1.251720,  17.894,     4.8
   571.0,0.563421,0.545624,0.514291,0.498752,1.248731,  17.891,     4.8
   572.0,0.565562,0.547291,0.515482,0.500601,1.245900,  17.890,     4.8
   573.0,0.567153,0.549129,0.517572,0.502283,1.238018,  16.823,     4.8
   574.0,0.569408,0.551144,0.519149,0.503970,1.233488,  16.639,     4.8
   575.0,0.571465,0.553017,0.520643,0.506321,1.238688,  16.621,     4.8
   576.0,0.573022,0.555009,0.522612,0.507936,1.243277,  16.597,     4.8
   577.0,0.575117,0.556910,0.524500,0.509557,1.245634,  16.596,     4.8
   578.0,0.577289,0.558762,0.525721,0.511459,1.241305,  16.579,     4.8
   579.0,0.578810,0.560761,0.527859,0.513317,1.242159,  16.569,     4.8
   580.0,0.581001,0.562647,0.529622,0.514872,1.240905,  16.551,     4.8
   581.0,0.583173,0.564560,0.531007,0.517543,1.246881,  16.544,     4.8
   582.0,0.584790,0.566629,0.533021,0.518770,1.251028,  16.533,     4.8
   583.0,0.587011,0.568647,0.534954,0.519800,1.249256,  16.518,     4.9
   584.0,0.589078,0.570601,0.536357,0.522354,1.249146,  16.508,     4.9
   585.0,0.590639,0.572541,0.538246,0.523599,1.253943,  16.503,     4.9
   586.0,0.592763,0.574515,0.539901,0.524872,1.257633,  16.489,     4.9
   587.0,0.594015,0.576422,0.541321,0.527431,1.247671,  16.477,     4.9
   588.0,0.595251,0.578345,0.543624,0.528565,1.247339,  16.468,     4.9
   589.0,0.597318,0.579725,0.544080,0.529873,1.262092,  16.453,     4.9
   590.0,0.598930,0.581154,0.545452,0.531554,1.266282,  16.447,     4.9
   591.0,0.601274,0.582926,0.547441,0.533414,1.265916,  16.428,     4.9
   592.0,0.603660,0.584962,0.549131,0.534973,1.263605,  16.415,     4.9
   593.0,0.605376,0.587310,0.550982,0.537589,1.263189,  16.412,     4.9
   594.0,0.607219,0.589343,0.552997,0.539075,1.267320,  16.393,     4.9
   595.0,0.609385,0.591248,0.554553,0.540295,1.272619,  16.383,     5.0
   596.0,0.611562,0.593193,0.556114,0.542442,1.267964,  16.375,     5.0
   597.0,0.613472,0.595014,0.558153,0.544019,1.255803,  16.361,     5.0
   598.0,0.615711,0.596990,0.560043,0.545938,1.259124,  16.349,     5.0
   599.0,0.616906,0.599264,0.561625,0.548209,1.265268,  16.343,     5.0
   600.0,0.618613,0.601268,0.563530,0.549808,1.262006,  16.331,     5.0
   601.0,0.620784,0.602816,0.564486,0.550227,1.255788,  16.316,     5.0
   602.0,0.623322,0.604654,0.566084,0.552604,1.257996,  16.304,     5.0
   603.0,0.625980,0.606596,0.568009,0.554819,1.267221,  16.294,     5.0
   604.0,0.628803,0.609368,0.570428,0.557044,1.270647,  16.284,     5.0
   605.0,0.631260,0.612094,0.572625,0.559800,1.264556,  16.272,     5.0
   606.0,0.633506,0.614919,0.575232,0.561878,1.259458,  16.263,     5.1
   607.0,0.635775,0.617370,0.577198,0.563097,1.257285,  16.247,     5.1
   608.0,0.637654,0.619794,0.579008,0.565713,1.252055,  16.242,     5.1
   609.0,0.639738,0.621814,0.580570,0.566859,1.251266,  16.233,     5.1
   610.0,0.642860,0.623709,0.582484,0.568706,1.251456,  16.222,     5.1
   611.0,0.645145,0.625970,0.584316,0.571978,1.249025,  16.212,     5.1
   612.0,0.647187,0.629096,0.586659,0.573217,1.252589,  16.201,     5.1
   613.0,0.649604,0.631360,0.588509,0.575189,1.252975,  16.032,     5.1
   614.0,0.651780,0.633821,0.590367,0.577788,1.251424,  17.787,     5.1
   615.0,0.654023,0.636145,0.592403,0.579145,1.251845,  17.894,     5.1
   616.0,0.656423,0.638436,0.594277,0.581318,1.251001,  17.893,     5.1
   617.0,0.658563,0.641042,0.595989,0.583502,1.255102,  17.896,     5.1
   618.0,0.660706,0.643229,0.597879,0.585245,1.251478,  17.896,     5.2
   619.0,0.662547,0.645447,0.599950,0.587339,1.247473,  17.900,     5.2
   620.0,0.664487,0.647752,0.601684,0.588754,1.248261,  17.887,     5.2
   621.0,0.666529,0.649266,0.603076,0.590435,1.253967,  17.898,     5.2
   622.0,0.668536,0.651393,0.604912,0.592094,1.268278,  17.898,     5.2
   623.0,0.670797,0.653804,0.606665,0.594591,1.264945,  17.897,     5.2
   624.0,0.672681,0.655550,0.608426,0.596467,1.254128,  17.891,     5.2
   625.0,0.674549,0.657983,0.610193,0.597425,1.261380,  17.894,     5.2
   626.0,0.676638,0.660201,0.611435,0.599486,1.265463,  17.892,     5.2
   627.0,0.678527,0.661779,0.613215,0.601174,1.259090,  17.893,     5.2
   628.0,0.680219,0.663822,0.614733,0.602782,1.246593,  17.890,     5.2
   629.0,0.682096,0.666201,0.616347,0.603842,1.245874,  17.889,     5.2
   630.0,0.684042,0.667544,0.617697,0.605289,1.251899,  17.890,     5.3
   631.0,0.685911,0.669504,0.619502,0.607639,1.259676,  17.881,     5.3
   632.0,0.687851,0.671992,0.620952,0.609354,1.259822,  17.889,     5.3
   633.0,0.689765,0.673654,0.622407,0.611121,1.262750,  17.891,     5.3
   634.0,0.691473,0.675572,0.624233,0.612592,1.259731,  16.696,     5.3
   635.0,0.693438,0.677886,0.625883,0.613421,1.258249,  16.679,     5.3
   636.0,0.695139,0.679424,0.626802,0.615330,1.261937,  16.657,     5.3
   637.0,0.696313,0.681265,0.628646,0.616731,1.273233,  16.656,     5.3
   638.0,0.698449,0.683344,0.629756,0.618394,1.272004,  16.645,     5.3
   639.0,0.700145,0.684836,0.631241,0.620460,1.265341,  16.638,     5.3
   640.0,0.701497,0.686631,0.632917,0.621567,1.270691,  16.631,     5.3
